Voltage_measured,Current_measured,Temperature_measured,Current_charge,Voltage_charge,Time
3.53362815587459,-0.003549733122706218,19.119211847754027,0.0,0.003,0.0
3.7787801221939303,1.5109042221090427,19.15565156455371,1.5,4.553,2.5940000000000003
3.81735122027084,1.509290561685565,18.904580869336623,1.5,4.586,8.61
3.8418921338850462,1.5101424619854977,18.88584328773841,1.498,4.607,14.625
3.8608351201975726,1.5080304304195362,18.600113570442517,1.498,4.623,20.625
3.875991490151329,1.5117728091893228,18.452037307776845,1.5,4.64,26.641
3.889180876617248,1.5106870657291451,18.42931167991115,1.498,4.65,32.61
3.9005117974149486,1.5116677949923512,18.248272234927697,1.5,4.656,38.594
3.910012130204787,1.5124151947020341,18.014226775092997,1.5,4.667,44.563
3.9186164829429018,1.5100191311306448,17.891523589871184,1.498,4.677,50.531
3.9260486525693046,1.5109266265368029,17.75708419367039,1.5,4.683,56.485
3.9325797733550587,1.5113413360627284,17.633794316311818,1.498,4.688,62.453
3.938796560438217,1.5086242322022219,17.41555802905491,1.5,4.694,68.406
3.9439671361615884,1.5095739860032245,17.282565415412254,1.5,4.699,74.375
3.949059460766642,1.5095327277174158,17.08844016373551,1.5,4.704,80.313
3.9533991019258146,1.5125130722409847,17.08945830011114,1.498,4.704,86.297
3.957456590592241,1.5102003673398618,16.962952016728412,1.5,4.71,92.235
3.9615613717903946,1.5104595320979288,16.86910924343118,1.498,4.715,98.203
3.9654469772597793,1.5103115008001926,16.680533137086798,1.5,4.721,104.156
3.968927880483706,1.5116223111247284,16.621012012030597,1.5,4.721,110.094
3.972688822256679,1.5096280382644947,16.44358638784704,1.5,4.726,116.078
3.976237713738947,1.5112088205831191,16.311529400761817,1.5,4.726,122.016
3.9795543641541036,1.5102142996411088,16.212135523850858,1.5,4.731,127.953
3.983066260930043,1.512125214189226,16.034880579936406,1.498,4.737,133.922
3.986749478751445,1.5094213385533644,15.946078287482825,1.5,4.737,139.86
3.9900879873980704,1.5092864742334218,15.892019170725089,1.5,4.742,145.797
3.9932440171762575,1.5092546702373812,15.809904099208545,1.498,4.748,151.703
3.9965766893478545,1.5104332678024364,15.64483925435996,1.5,4.748,157.61
3.99980331047115,1.5090391839942785,15.562122285239468,1.5,4.753,163.531
4.0028997126256245,1.510133355204965,15.487586514770923,1.498,4.753,169.453
4.00611228886462,1.5122164110205447,15.387979963175939,1.5,4.758,175.375
4.009371643185426,1.5107984023512713,15.328753302692313,1.498,4.758,181.266
4.012440891751481,1.511163437019184,15.239113928321885,1.5,4.764,187.203
4.015423433425649,1.5091351340910046,15.079372174308109,1.5,4.769,193.125
4.018541850752661,1.508944690917108,14.910341688980093,1.5,4.769,199.063
4.0216947166487955,1.5105277615527102,14.866937424749691,1.5,4.775,204.969
4.024461266519386,1.5097323082900787,14.70781088626214,1.5,4.775,210.875
4.027442661014817,1.514071870385971,14.630204869928695,1.5,4.775,216.813
4.030177214361706,1.510971150367711,14.516359907809782,1.498,4.78,222.719
4.033090591363423,1.5094274941603738,14.444332202396073,1.498,4.785,228.641
4.035944742662526,1.5098255335200075,14.394995924803702,1.498,4.785,234.578
4.038656020786952,1.509299427983213,14.367293257993818,1.5,4.791,240.5
4.041243982589972,1.5117247890599859,14.209650083722115,1.498,4.791,246.422
4.043804188889578,1.5101193826037989,14.175994576464273,1.498,4.796,252.344
4.046517376167846,1.5110347706217353,14.104657445460134,1.5,4.796,258.266
4.049128660027533,1.5106234592775534,14.030239563309992,1.5,4.802,264.156
4.051792607344995,1.5107589178583083,13.91696036155558,1.5,4.802,270.078
4.054234231028265,1.5110017072685296,13.8560711029514,1.498,4.807,276.0
4.056636885982957,1.5119210028454737,13.742734525976491,1.498,4.807,281.922
4.058999113318139,1.5100929233522682,13.604157793744706,1.5,4.812,287.86
4.061358011368501,1.5115894068450642,13.515268759807423,1.498,4.812,293.797
4.063610678105481,1.5097127581112175,13.479634030609564,1.5,4.812,299.735
4.066021723582559,1.5117724773361816,13.341606824928206,1.5,4.812,305.656
4.067978226719359,1.5118601754885772,13.341757017493672,1.5,4.818,311.578
4.070303448728757,1.5105845789297314,13.299810209039794,1.498,4.818,317.5
4.072324476985586,1.5109694870653223,13.264390750560707,1.498,4.823,323.422
4.074506931523186,1.510344633739018,13.211689085944768,1.5,4.823,329.36
4.07641436589521,1.509957479199149,13.110532882227334,1.5,4.829,335.297
4.078594150187388,1.511636227856627,13.012888129167527,1.498,4.829,341.235
4.080232251686458,1.5104167728131752,12.948533371756476,1.5,4.829,347.172
4.082429895911844,1.5108053777878219,12.867468826305261,1.498,4.834,353.11
4.084134218538596,1.5100495721928835,12.820650539782955,1.5,4.834,359.047
4.086049615516658,1.5101456255409889,12.776802342803217,1.5,4.834,365.0
4.087642437045468,1.5112885565494587,12.672186038886467,1.498,4.834,370.922
4.089659658521075,1.5117602405381245,12.670392709393582,1.5,4.839,376.906
4.091386320247399,1.5099714073561015,12.64733510021723,1.5,4.839,382.875
4.092960709251045,1.510702201819195,12.565907813202577,1.5,4.839,388.844
4.09471539387891,1.5107858442898854,12.487706688344195,1.498,4.845,394.828
4.096501637618903,1.510406392482717,12.441056069150536,1.5,4.845,400.797
4.098216051169685,1.509606803590667,12.388945210351498,1.5,4.845,406.735
4.099852611335199,1.5117981750948761,12.320976788927322,1.498,4.85,412.672
4.101452361215284,1.51083600287837,12.263647890961801,1.498,4.85,418.61
4.103154006602544,1.509382507045475,12.21676234729356,1.498,4.85,424.578
4.10491915473954,1.5097865613396795,12.180918486253411,1.5,4.856,430.516
4.106439393697227,1.5115346985091123,12.067812042576909,1.5,4.856,436.422
4.108006648710055,1.5087873476795466,12.029156354642968,1.5,4.856,442.344
4.109641572943543,1.5123630807795396,12.007342068241762,1.498,4.861,448.266
4.111239702379205,1.510659460085088,11.94321715490855,1.5,4.861,454.188
4.1126063466946094,1.5119067372993464,11.926963373043158,1.498,4.861,460.141
4.114255141285281,1.5109025430524465,11.889315682381058,1.5,4.861,466.094
4.115621949036292,1.5104722527968317,11.852171602896997,1.5,4.866,472.0
4.117150322645994,1.5123912217644537,11.822712697026118,1.498,4.866,477.922
4.118637189224049,1.510180638169035,11.771901001530418,1.498,4.866,483.844
4.120091185104073,1.5087990537805334,11.685377849761911,1.498,4.866,489.766
4.121851812106,1.5102772671094138,11.66186836779364,1.498,4.872,495.703
4.123284031732116,1.5112723253280258,11.65286560203917,1.498,4.872,501.594
4.1247271675234884,1.5127264112398484,11.631571779519293,1.498,4.872,507.531
4.1262382057205444,1.5114066440414995,11.590140866000064,1.5,4.872,513.563
4.127518767121248,1.5110470770802624,11.570208364831629,1.5,4.877,519.547
4.12903322404253,1.5105244320675542,11.502959799803296,1.5,4.877,525.516
4.130530190104611,1.5102831354066406,11.473206517782728,1.498,4.877,531.453
4.1320068115167805,1.5116099530660285,11.463546520648823,1.5,4.883,537.391
4.133518945886963,1.5119850790164253,11.404279692847318,1.498,4.883,543.328
4.1347714850524495,1.511511744781559,11.3711881547457,1.5,4.883,549.313
4.1361913446784655,1.5125608788581488,11.33108114161599,1.5,4.883,555.25
4.137677619361527,1.5112406163855407,11.233378376557791,1.498,4.888,561.172
4.139166510174294,1.511808021803592,11.230533704472856,1.5,4.888,567.094
4.140501554075341,1.5107986504011088,11.170725966270929,1.5,4.888,573.0
4.141980993010068,1.5109408413067364,11.113441585642962,1.5,4.888,578.906
4.143512195185174,1.511856734270822,11.101003349959841,1.498,4.893,584.844
4.144934706617328,1.5119837077194098,11.08638582523483,1.498,4.893,590.781
4.145890418292238,1.5092821405006829,11.039931437942156,1.498,4.893,596.75
4.1474036466770805,1.5109589016393012,11.018072982586553,1.498,4.893,602.719
4.148950615239628,1.5105433172968477,10.975842799018784,1.498,4.899,608.656
4.150213681707092,1.512190273292674,10.990585353069317,1.5,4.899,614.563
4.15165003522501,1.5102845373497944,10.99457392191439,1.498,4.899,620.5
4.152897637493924,1.5104277070309156,10.927816071856741,1.5,4.899,626.438
4.1541788082400215,1.5128485502515354,10.865727670785196,1.5,4.899,632.375
4.155542216922615,1.5109213959885213,10.887162103589226,1.498,4.904,638.281
4.157072272140147,1.5111828249758505,10.877173018450028,1.5,4.904,644.203
4.158284336096804,1.5107552976352177,10.820223288832018,1.5,4.904,650.11
4.159685397673098,1.5121028694705967,10.780592785363043,1.5,4.904,656.125
4.161043699340143,1.5123071947559312,10.787152068090336,1.5,4.91,662.063
4.162278730533924,1.5093295692775917,10.756961982457572,1.5,4.91,668.0
4.163558057537893,1.510697905482686,10.734894222829952,1.5,4.91,673.969
4.164968909061568,1.5123332059832972,10.71951361522232,1.498,4.915,679.875
4.166169745854202,1.511804205870173,10.687342656307546,1.498,4.915,685.813
4.167602487725675,1.5114611615764573,10.654453642524361,1.498,4.915,691.75
4.168841832988542,1.5119091677758638,10.651184788749559,1.5,4.915,697.688
4.170091398986511,1.5131762783718716,10.65140320395433,1.498,4.921,703.625
4.17147196300892,1.512858220670558,10.56368474085906,1.498,4.921,709.578
4.172660999351375,1.512292372633878,10.530020596733356,1.498,4.921,715.547
4.174014294650189,1.5106909659116583,10.508721213973182,1.5,4.921,721.485
4.175254909669889,1.50919989022217,10.52209678044654,1.5,4.921,727.406
4.176617684414033,1.5105023670026823,10.48483047436118,1.5,4.926,733.344
4.177664495506895,1.5088600573104693,10.458670342510691,1.498,4.926,739.328
4.179057024948655,1.5112927588100578,10.441511923855131,1.5,4.926,745.219
4.180319327432357,1.5101339080775178,10.430672368552937,1.498,4.926,751.156
4.18158501176729,1.5077981214415075,10.424656172622681,1.5,4.931,757.094
4.182685165950863,1.511090211198999,10.429138575511606,1.498,4.931,763.047
4.18413129598923,1.5116102855680245,10.424082608058628,1.5,4.931,768.985
4.185494886020023,1.508947580816984,10.454609373019386,1.5,4.931,774.922
4.186655820179602,1.5109181029689318,10.39327589357732,1.5,4.937,780.844
4.1880527444914195,1.5096101394628456,10.386846480825158,1.498,4.937,786.766
4.189137132259021,1.5104445257872428,10.37413516597541,1.5,4.937,792.703
4.190410756863297,1.5103108786662933,10.334887299223864,1.5,4.937,798.641
4.1918895273174925,1.509968808485587,10.330501870937303,1.5,4.942,804.578
4.192812804239596,1.509206314129003,10.30401738393202,1.5,4.942,810.516
4.194147308132405,1.51088310816934,10.298143427575262,1.5,4.942,816.453
4.195345476810468,1.509684725253606,10.317388216697745,1.5,4.942,822.391
4.19635816145176,1.5114818658621814,10.314198149977868,1.5,4.942,828.266
4.197573880721933,1.5110834871756262,10.27190902322118,1.5,4.948,834.594
4.198919584148548,1.5103859507022372,10.27287889788232,1.5,4.948,840.625
4.200183680614696,1.5106929723118456,10.269580552970144,1.5,4.948,846.625
4.2015403730182435,1.509990691650508,10.278995152196307,1.498,4.948,852.985
4.20217940010443,1.510532572389036,10.248667262543105,1.497,4.948,859.156
4.20325468983332,1.50622561424752,10.23684948931124,1.494,4.948,865.328
4.204024519291852,1.5041494721229756,10.191073340807302,1.493,4.948,871.469
4.204982853216834,1.50307803669089,10.18091705391307,1.492,4.948,877.61
4.205662887360838,1.4993111312242295,10.183125842384344,1.49,4.948,883.703
4.206575892918443,1.5000967400924885,10.189055440734366,1.488,4.948,889.844
4.206017292402874,1.4893081473447398,10.2153624087239,1.478,4.942,895.953
4.205421036580204,1.4762416375110792,10.159965430515705,1.467,4.937,902.125
4.205902200980344,1.4776934779896533,10.13110733656055,1.467,4.937,908.266
4.205152469084388,1.4685316043971757,10.129675199224248,1.456,4.931,914.438
4.206086698153232,1.4667429858014893,10.102357261231187,1.456,4.931,920.531
4.205327546659944,1.4573282732046273,10.127420611498025,1.445,4.926,926.672
4.205921766165198,1.4556904965058648,10.135068282274798,1.444,4.926,932.797
4.205195262847246,1.4454654719859097,10.109329682000206,1.435,4.921,939.281
4.2059717060528685,1.4454485765376155,10.107915900446493,1.433,4.921,945.547
4.206318114487393,1.4430190745312965,10.084766222354643,1.433,4.921,951.797
4.207085155884389,1.4439255653660943,10.089467797856923,1.432,4.921,958.063
4.206478253776488,1.4333007988967945,10.11519195554901,1.422,4.915,964.344
4.205675555513327,1.4252678359853328,10.095440623462204,1.411,4.91,970.641
4.206391980515342,1.4209439064880078,10.079880086122722,1.41,4.91,976.891
4.2069057348382195,1.4206941662941952,10.029248022369131,1.41,4.91,983.156
4.206069831405954,1.4116471012279754,10.033306375961205,1.401,4.904,989.438
4.2053535200969465,1.402005413568924,10.012557605684075,1.391,4.899,995.719
4.205716196856184,1.4013560257944033,10.060686768840238,1.39,4.899,1001.969
4.206338092686567,1.3990096422560403,10.055588854012374,1.388,4.899,1008.219
4.206922337908283,1.3975499088769179,10.06553679644142,1.387,4.899,1014.485
4.206212427134834,1.3873512665841705,10.051721788190825,1.377,4.893,1020.781
4.205291631085308,1.3791289902982218,10.05540032816322,1.368,4.888,1027.063
4.205807911282683,1.3759715959745518,10.004748904841287,1.368,4.888,1033.328
4.206235484443381,1.379183274841882,10.05443626346688,1.367,4.888,1039.578
4.2068674589943225,1.3794415921091263,10.050185428374947,1.365,4.888,1045.844
4.206008359577484,1.3663367631485923,10.041980421338831,1.356,4.883,1052.485
4.206652458343303,1.3667735266011545,10.020753684795828,1.354,4.883,1058.844
4.205674359828591,1.3572551866620108,10.01414356486019,1.345,4.877,1065.235
4.204787589977363,1.3460130357778282,10.018832793496975,1.335,4.872,1071.656
4.205168748260703,1.3447698987586139,9.97615528376138,1.335,4.872,1077.985
4.205617012218515,1.3438984913611007,9.954065741633592,1.334,4.872,1084.375
4.206285430383157,1.343055184200896,9.900247471039645,1.333,4.872,1090.703
4.206759212082936,1.343281436849738,9.760280645445992,1.333,4.872,1097.031
4.205883921359004,1.333744518389923,9.46907264251391,1.323,4.866,1103.453
4.204885153391806,1.3244449862666843,9.231529205204275,1.314,4.861,1109.875
4.205174336859506,1.3244508635763206,9.02087583335517,1.314,4.861,1116.203
4.206065868748945,1.318981018506661,8.81068727495897,1.312,4.861,1122.531
4.206538785041292,1.3214860494782112,8.681737677392979,1.311,4.861,1128.938
4.207045686119071,1.3199692166358845,8.586310020176434,1.31,4.861,1135.328
4.206499891382539,1.3063944274560648,8.477090281370792,1.3,4.856,1141.688
4.206922923687627,1.308484099016975,8.35399421116547,1.299,4.856,1148.016
4.2061605083297575,1.2981716190674184,8.267968022638097,1.289,4.85,1154.375
4.206433593641271,1.302296767176605,8.186452779280856,1.288,4.85,1160.766
4.207294850350279,1.2994949467656214,8.03793910887125,1.286,4.85,1167.156
4.206677140161125,1.2868210340421742,7.97140752081809,1.277,4.845,1173.516
4.2058729263133285,1.2780477546149251,7.776041169674633,1.267,4.839,1179.86
4.206401536626842,1.2771039512668516,7.80602174493655,1.266,4.839,1186.266
4.207267163040036,1.2740496269373238,7.744912322243533,1.265,4.839,1192.672
4.206431869762095,1.2661359286243805,7.718397112843075,1.255,4.834,1199.094
4.206816658689911,1.263542957998992,7.6208795745130935,1.254,4.834,1205.531
4.206268824005986,1.2531560671102293,7.540475515583915,1.244,4.829,1211.891
4.206925959412811,1.2541509475906663,7.4515285415981936,1.244,4.829,1218.297
4.207490909615586,1.2526966679351694,7.4033099166026615,1.242,4.829,1224.688
4.20827948838027,1.2519261974532778,7.283120543765946,1.242,4.829,1231.016
4.207410814538478,1.241925154932777,7.245580439125459,1.231,4.823,1237.375
4.206885845569227,1.2330731573097469,7.17275725964411,1.221,4.818,1243.797
4.206091299879614,1.22355474541941,7.137354839981137,1.212,4.812,1250.219
4.2066012847577055,1.2231634383776613,7.046500559898417,1.212,4.812,1256.547
4.205553028266725,1.2082038698737532,6.979463836993285,1.201,4.807,1262.906
4.2062787371205665,1.2065213024731256,6.961956810190989,1.201,4.807,1269.297
4.206928193156315,1.2103099978783043,6.882867386266503,1.198,4.807,1275.703
4.2061593079782735,1.2008361122349112,6.8669925894586425,1.19,4.802,1282.047
4.2068448030066055,1.1964491435181157,6.862485974049867,1.189,4.802,1288.375
4.20746264381957,1.1959149390699584,6.714331798814182,1.187,4.802,1294.781
4.2082204605674445,1.194233331010367,6.701559042744475,1.186,4.802,1301.172
4.2074090501687555,1.183761714505702,6.624414052891074,1.176,4.796,1307.531
4.206716514989696,1.175607157916562,6.562566301165189,1.166,4.791,1313.969
4.2071638892386805,1.1750001813011954,6.434344252415929,1.166,4.791,1320.375
4.207906453794531,1.1724669271602,6.3872453003919585,1.164,4.791,1326.766
4.20725073145617,1.1643148839144433,6.381054677487629,1.153,4.785,1333.156
4.2063328266908915,1.15324127315479,6.329903229285786,1.144,4.78,1339.531
4.207157922084162,1.1523561326232732,6.33972079843725,1.144,4.78,1345.953
4.207611933204295,1.1500356606870374,6.496606663050428,1.142,4.78,1352.36
4.2069993510112935,1.142093659561297,6.670498490636294,1.132,4.775,1358.781
4.2074632250457675,1.141797834519213,6.818996796998785,1.132,4.775,1365.125
4.208194811797321,1.1383030331053319,6.889792136964524,1.13,4.775,1371.453
4.20731877156843,1.1288446670414753,6.9809467485894405,1.121,4.769,1377.875
4.20783396269126,1.128931341230795,7.054288920727345,1.119,4.769,1384.266
4.206873514830175,1.1188046842108887,7.131045161450048,1.11,4.764,1390.625
4.207330552576574,1.11847542589877,7.173656167775286,1.108,4.764,1396.953
4.208015841554661,1.116054429499164,7.255824608082502,1.107,4.764,1403.344
4.207006080988554,1.107753816263764,7.273942814168951,1.099,4.758,1409.781
4.206130992863445,1.098977737695739,7.293647101532787,1.089,4.753,1416.141
4.206422556484694,1.0963498294762124,7.347322196094395,1.088,4.753,1422.453
4.2069218267376165,1.0976491232815713,7.385796710242818,1.088,4.753,1428.86
4.207308883947668,1.0958367256926977,7.372176210744626,1.087,4.753,1435.266
4.207864599619847,1.0950243205021724,7.388277225760576,1.085,4.753,1441.594
4.206792918176786,1.0829092389789519,7.422684646167341,1.077,4.748,1447.953
4.2073031444522275,1.0858892911056395,7.429919839420477,1.076,4.748,1454.281
4.2078161104702865,1.0833858584235518,7.443007299878822,1.074,4.748,1460.703
4.207091077390466,1.0759474105016833,7.480207817416939,1.066,4.742,1467.141
4.207413704335086,1.074363396170067,7.523021569055871,1.066,4.742,1473.531
4.2078218890332115,1.0741284209519015,7.525115427790791,1.065,4.742,1479.86
4.206818075744238,1.0638753241300851,7.520757576973056,1.055,4.737,1486.219
4.207186771170521,1.06496245283732,7.535577718740722,1.055,4.737,1492.547
4.2076760036398415,1.061730444430094,7.55669368177308,1.054,4.737,1498.953
4.206732386982022,1.0527841578197201,7.58229469289427,1.045,4.731,1505.375
4.207075479672646,1.0553148694249792,7.5570766770093085,1.045,4.731,1511.781
4.207521801834284,1.0524619554524777,7.589643444605752,1.043,4.731,1518.188
4.207925934147699,1.0514401536149234,7.611000352829055,1.043,4.731,1524.563
4.20699978324434,1.0403711007769245,7.61888115245988,1.034,4.726,1530.906
4.207344540135142,1.0415625373348534,7.621214780674432,1.034,4.726,1537.297
4.207691413245279,1.040698988624542,7.627051760889329,1.032,4.726,1543.703
4.2064139528658036,1.0301854204597882,7.642293393764189,1.023,4.721,1550.047
4.206787865432795,1.030815151393487,7.653596492398564,1.023,4.721,1556.453
4.2072281438550005,1.0286165650324741,7.676907884195181,1.021,4.721,1562.86
4.207695664999235,1.0296733895321926,7.687219416096001,1.02,4.721,1569.188
4.207983781076548,1.028622516911149,7.686883916740026,1.02,4.721,1575.516
4.20848015445094,1.0273269815549826,7.693302266596482,1.019,4.721,1581.828
4.20883338496471,1.026998479119997,7.709986840648571,1.017,4.721,1588.235
4.207979232391434,1.0180106093879189,7.708607443189397,1.009,4.715,1594.656
4.206942119688662,1.009873894837427,7.693582166317942,1.0,4.71,1601.016
4.207042250557178,1.0087600551880327,7.706092534602961,1.0,4.71,1607.422
4.20743166623327,1.0082340292695504,7.74039689545084,0.998,4.71,1613.828
4.207780922179423,1.0037465026170425,7.725979038441104,0.998,4.71,1620.141
4.2080858920937425,1.0062136512223885,7.732916075805144,0.997,4.71,1626.547
4.208652716959316,1.0033587735912841,7.777594953638691,0.997,4.71,1632.938
4.207505228662629,0.9980138582161358,7.7834080839635025,0.988,4.704,1639.36
4.207832002532891,0.9962600246165616,7.783591405363792,0.988,4.704,1645.735
4.20683997138296,0.9850151764766928,7.785982374260647,0.978,4.699,1652.141
4.207241827626154,0.9835891071162787,7.774208532665829,0.977,4.699,1658.516
4.207409303762108,0.9852386352670016,7.822281020033717,0.977,4.699,1664.891
4.207866796013473,0.9842023669117795,7.822333639192377,0.975,4.699,1671.266
4.206676130777397,0.9740682864735242,7.811394062914581,0.967,4.694,1677.672
4.206914365415096,0.9747568035813395,7.809508700060251,0.966,4.694,1684.047
4.20728269473956,0.9727186329773294,7.817704945586188,0.966,4.694,1690.438
4.208012894188297,0.9728380111509387,7.83270660099359,0.964,4.694,1696.828
4.208112698238586,0.9706649765352509,7.842727151663525,0.964,4.694,1703.156
4.208598045203006,0.971487605262732,7.833135838442176,0.963,4.694,1709.516
4.2073294125463105,0.9624825196848557,7.874738747220183,0.954,4.688,1715.922
4.207587674107947,0.9594378209900212,7.89112033125378,0.954,4.688,1722.297
4.20700719094074,0.9520795699806343,7.887415985426406,0.944,4.683,1728.703
4.207199763504427,0.9498733619708852,7.891535462804739,0.944,4.683,1735.11
4.2073202010116955,0.9502717972297711,7.90804239466212,0.944,4.683,1741.5
4.2076759768840075,0.9497801873835519,7.913562177051572,0.943,4.683,1747.891
4.208018438532882,0.9488472050979954,7.926066931087184,0.943,4.683,1754.281
4.208706875634635,0.9484199010938301,7.942834158715849,0.941,4.683,1760.688
4.207383823980446,0.9427215738949972,7.933264093258892,0.932,4.677,1767.094
4.207611110143238,0.9381876949683834,7.945566258912434,0.932,4.677,1773.485
4.206701114159552,0.930692988699386,7.945123183829461,0.922,4.672,1779.906
4.206801822225995,0.9303607263160071,7.945205696836358,0.922,4.672,1786.313
4.207177520224364,0.9291250003226127,7.9475957790528495,0.922,4.672,1792.703
4.207643089937097,0.9288737869797066,7.966617503118545,0.921,4.672,1799.11
4.207729055526243,0.9263979135378443,7.963163094448725,0.92,4.672,1805.5
4.2083119395519635,0.9259229788313549,7.982598584615153,0.918,4.672,1811.922
4.208568243564347,0.9236608572314294,7.978177523315855,0.918,4.672,1818.313
4.207824345092109,0.9159915471952558,8.00774037931256,0.909,4.667,1824.735
4.207856548434204,0.9164770900934145,7.986940167853615,0.909,4.667,1831.141
4.208389854620709,0.9154609669033462,7.98056028569729,0.907,4.667,1837.531
4.208791419666295,0.914566135425732,8.009521367710144,0.907,4.667,1843.938
4.207690637584523,0.9065009262454053,8.003589019413006,0.898,4.661,1850.36
4.208212799255736,0.9037169396892535,8.013702931069115,0.898,4.661,1856.75
4.208363218108853,0.9017875633535946,8.009026711896718,0.896,4.661,1863.141
4.20876254224064,0.9047670426516385,8.014981892574662,0.895,4.661,1869.547
4.2076013849748675,0.8909782618069243,8.00183800842516,0.887,4.656,1875.969
4.208222013301318,0.8941419707129834,7.999980834445195,0.887,4.656,1882.36
4.208408769628653,0.8913220738804403,8.025717090731558,0.886,4.656,1888.766
4.208798624944812,0.8896752610660998,8.04677864437758,0.884,4.656,1895.141
4.207497830374676,0.8819187369486226,8.026071978311604,0.876,4.65,1901.563
4.207954485038537,0.8803032306413529,8.013969124841497,0.875,4.65,1907.938
4.208298297294287,0.8826525916638921,8.0408685182997,0.875,4.65,1914.297
4.208706480924646,0.8814091315605663,8.084226285681211,0.873,4.65,1920.703
4.207612341621454,0.8729357635915986,8.084491077427565,0.865,4.645,1927.094
4.207840792315972,0.8707289506711073,8.075011378111109,0.865,4.645,1933.578
4.208049348273199,0.8683238857729262,8.069929111933074,0.864,4.645,1939.969
4.208584021527904,0.8693911141973291,8.082783822449453,0.863,4.645,1946.36
4.207584342111549,0.8626770075583702,8.144200587808584,0.854,4.64,1952.797
4.207787740185746,0.8596800447672204,8.121222781367248,0.853,4.64,1959.188
4.208188070118593,0.8595782790392792,8.115626134229894,0.853,4.64,1965.578
4.208496257462073,0.8591004331162918,8.121367807389843,0.852,4.64,1971.985
4.208927492123973,0.8577943897318028,8.133178601963353,0.852,4.64,1978.375
4.2076972168794065,0.8496921423132934,8.135959588164365,0.842,4.634,1984.797
4.208044599354767,0.8461820939176521,8.11460775149569,0.841,4.634,1991.188
4.2083824574637,0.8472200519920029,8.13726015863073,0.841,4.634,1997.578
4.20867998433981,0.8470126887148871,8.169994420778877,0.839,4.634,2003.985
4.2076310604775875,0.8369190978948661,8.165078331658373,0.831,4.629,2010.391
4.207823589865013,0.8365922559623563,8.190924378491065,0.83,4.629,2016.797
4.2081905368117125,0.8370400717358336,8.190054822164614,0.83,4.629,2023.188
4.208663819488034,0.8353011264663921,8.175027334455754,0.829,4.629,2029.578
4.20763159020634,0.8259689527920806,8.152789782702891,0.82,4.623,2036.0
4.2077985576041455,0.8259390339856916,8.147403737970569,0.819,4.623,2042.406
4.208337560225774,0.823834217256188,8.147880981993136,0.819,4.623,2048.797
4.208597646468079,0.8241224490607071,8.174948963838855,0.818,4.623,2055.188
4.207441389803924,0.8154481344497423,8.174717591741178,0.81,4.618,2061.625
4.207834757457552,0.8147897112800483,8.16958256016914,0.808,4.618,2068.031
4.208027633007969,0.8143137124647605,8.167607990962978,0.808,4.618,2074.438
4.208512301143347,0.8136738417751445,8.168802792593192,0.808,4.618,2080.781
4.20866044851135,0.8112866998169219,8.176528832282024,0.807,4.618,2087.188
4.207717953294708,0.8055235974482647,8.211320727754782,0.797,4.613,2093.625
4.208001349729496,0.8028269557937744,8.19631709805255,0.797,4.607,2100.016
4.208210127279165,0.8036928833619053,8.19516310239344,0.796,4.613,2106.422
4.2086141705408275,0.8010741417203809,8.200153402136172,0.796,4.613,2112.813
4.208980709079562,0.8010210259794946,8.231930843336949,0.795,4.613,2119.219
4.2063893660528535,0.7848387208411803,8.21941538804259,0.777,4.602,2125.641
4.206722796948285,0.7833123274532348,8.204419329031614,0.777,4.602,2132.031
4.206908980324061,0.7838345313643594,8.201209681955278,0.777,4.602,2138.438
4.2071428143562235,0.7828001803092389,8.184164216188728,0.777,4.602,2144.828
4.207476974187851,0.7818512880442492,8.190960941108084,0.776,4.602,2151.219
4.207818100678927,0.7813222251913785,8.176206050228524,0.774,4.602,2157.703
4.208217867185104,0.7811645852357428,8.182207717353787,0.774,4.602,2164.031
4.207253565258341,0.7702378297584391,8.211429131911377,0.766,4.596,2170.391
4.207296181856315,0.7690061593452887,8.214697120539174,0.765,4.596,2176.781
4.207790768022525,0.7694502251449011,8.214454959627092,0.765,4.596,2183.172
4.208012639438533,0.7689450538583696,8.197867416662785,0.763,4.596,2189.578
4.208310373562271,0.7695521019669429,8.200630890871208,0.763,4.596,2195.985
4.208793383961795,0.7702061679231091,8.198592278487443,0.762,4.596,2202.375
4.207531491062561,0.7591978351405528,8.190677306783906,0.752,4.591,2208.797
4.206466224750276,0.7508780659734322,8.198649068598423,0.744,4.586,2215.235
4.205234297682654,0.7425982317047016,8.196328515334994,0.735,4.58,2221.688
4.203874672558202,0.7338085922288929,8.188592650746445,0.727,4.575,2228.11
4.204088642938864,0.733243681722571,8.201177284630788,0.727,4.569,2234.563
4.204263097471809,0.7313262871763603,8.211607452690334,0.727,4.569,2240.922
4.20442611222069,0.7322552804897312,8.18890698908874,0.725,4.575,2247.297
4.20465690242015,0.7292964916900696,8.191463238649053,0.725,4.569,2253.703
4.204919304399327,0.7296044622985625,8.18979950632553,0.725,4.575,2260.125
4.205360274132005,0.7313051111334155,8.206865200787089,0.724,4.569,2266.594
4.205576960619157,0.7301149677733649,8.221635005295122,0.724,4.575,2272.969
4.205905903917311,0.7287065397440876,8.228633370644706,0.723,4.575,2279.36
4.2063282586565265,0.7279517578103597,8.218638794861116,0.723,4.575,2285.75
4.206575057980118,0.7272617908601106,8.220040135355296,0.721,4.575,2292.094
4.206878124970014,0.728723112869309,8.222679706256773,0.721,4.575,2298.485
4.207390460709381,0.7260419687416457,8.21694679279398,0.72,4.575,2305.063
4.2076981335189165,0.725915656595166,8.207497228280067,0.72,4.575,2311.438
4.208018830830921,0.7253165901803112,8.205811422836684,0.718,4.575,2317.828
4.208339594289911,0.7229654029943087,8.213500039354503,0.718,4.575,2324.203
4.208718827031631,0.7233303682366538,8.218793488670471,0.717,4.575,2330.703
4.206161671782432,0.7055486242242855,8.202026319129075,0.701,4.564,2337.172
4.2063923666251135,0.7033898037755468,8.227788938370193,0.699,4.558,2343.61
4.206536515068492,0.7050169429713394,8.228707699679925,0.699,4.564,2350.031
4.206945256474655,0.7027573898548782,8.218684185345273,0.698,4.564,2356.453
4.205844613577554,0.6955840048367309,8.223134491439904,0.69,4.558,2362.953
4.204729694647317,0.6845648580568072,8.246069373625991,0.682,4.553,2369.406
4.204684151985211,0.6882925957526043,8.225328149595988,0.68,4.553,2375.844
4.204944004942453,0.6865551733640978,8.220006856022701,0.68,4.553,2382.266
4.205064833574371,0.6839272814129682,8.216223723010245,0.68,4.553,2388.672
4.205405253634105,0.6839306366717948,8.224481593983484,0.679,4.553,2395.094
4.205781662541948,0.684039408755613,8.22253996327231,0.679,4.553,2401.531
4.205876780266186,0.6850345028553414,8.236634998855582,0.679,4.553,2407.938
4.2062709441131725,0.6847880918636117,8.227738964539089,0.678,4.553,2414.36
4.206580550476568,0.6831812614989964,8.22466639640734,0.678,4.553,2420.766
4.206862648474609,0.6826298674354389,8.223184940720266,0.676,4.553,2427.172
4.207137035957899,0.683193780884581,8.224789108076658,0.676,4.553,2433.61
4.207565466515389,0.681761411024461,8.223476136589488,0.675,4.553,2440.016
4.207802874282665,0.6799145799301247,8.220568269546726,0.675,4.553,2446.438
4.208191157286392,0.6783746508131644,8.228880408816575,0.674,4.553,2452.828
4.208568511324162,0.679351114360501,8.225245833526396,0.674,4.553,2459.203
4.208892600127056,0.67801551997804,8.207262040802869,0.672,4.553,2465.578
4.2092392473850575,0.675942244974869,8.224729641989446,0.672,4.553,2471.953
4.209548062908823,0.6778348651243757,8.234905973651475,0.671,4.553,2478.328
4.209881287327963,0.6758221336242283,8.21591293072417,0.671,4.553,2484.688
4.208581243354678,0.6670518861407987,8.22830600850991,0.661,4.542,2491.125
4.2075741302039384,0.6578398207934721,8.221654407086579,0.653,4.537,2497.563
4.206520660157539,0.6494271458390297,8.241063056585215,0.644,4.531,2503.985
4.204915295754016,0.6407973886362518,8.226194556566002,0.636,4.531,2510.36
4.205285863900586,0.6394500610835657,8.243537140068911,0.636,4.531,2516.703
4.205174072015209,0.6413190607374579,8.246192687276693,0.636,4.531,2523.141
4.205287575259832,0.639907329242148,8.246798987390614,0.634,4.531,2529.485
4.205458310153721,0.6397953478598292,8.243670124417905,0.634,4.531,2535.86
4.205673645602183,0.6393835738262145,8.24404196574662,0.634,4.531,2542.235
4.205980192150327,0.6394538472304712,8.252878594020338,0.633,4.531,2548.61
4.206187892312284,0.6390664764084206,8.253713870566541,0.633,4.526,2554.985
4.206447280780033,0.6387517227123111,8.252808625957881,0.633,4.531,2561.391
4.205251373948835,0.629971204997801,8.246813634764312,0.623,4.526,2567.844
4.205404168461968,0.6286604918166252,8.240224645084695,0.623,4.526,2574.188
4.205585563623394,0.6282521975176237,8.263861742620652,0.623,4.526,2580.672
4.205807005755113,0.6277577846915372,8.272254528118525,0.622,4.521,2587.063
4.205899171119771,0.6284178423705143,8.274585680895006,0.622,4.526,2593.531
4.206236096974963,0.625903836314911,8.271885957338926,0.622,4.526,2599.938
4.2065529784001905,0.6257745865638533,8.265320677738325,0.621,4.526,2606.36
4.2066758790227645,0.6269420153164504,8.226211845195639,0.621,4.526,2612.828
4.205696905725797,0.6164946754000832,8.245363227834542,0.611,4.515,2619.235
4.204215685016556,0.6087267391006483,8.25341874267527,0.603,4.515,2625.625
4.204456778659043,0.6091787098891893,8.248492233492438,0.603,4.515,2631.969
4.204486175705809,0.6076114628418013,8.236597954095275,0.603,4.515,2638.406
4.204793578844153,0.6080607598165891,8.2385380092073,0.602,4.515,2644.828
4.204847534589156,0.6069800402290347,8.26014176282828,0.602,4.515,2651.281
4.203632783537283,0.5990875511731997,8.282100844503033,0.593,4.504,2657.735
4.205166700606086,0.6070376219676538,8.28756378090227,0.602,4.51,2664.141
4.203995041419442,0.597511150464042,8.264823173061115,0.592,4.504,2670.61
4.205534471205734,0.605946058705269,8.27079384991527,0.6,4.515,2677.047
4.205976193566685,0.6048368893301563,8.260310735791847,0.6,4.51,2683.469
4.206043231872197,0.6045002489348912,8.233503839178452,0.6,4.51,2689.875
4.2064252883001645,0.6030314636524539,8.173340298981817,0.599,4.51,2696.25
4.2052866612318445,0.5954158459895298,8.081388853787427,0.591,4.51,2702.703
4.205369118700198,0.5938935550650816,7.813456911784621,0.589,4.51,2709.156
4.204077763886758,0.5862469422158443,7.575513517840836,0.581,4.499,2715.625
4.204219182335663,0.5839536387138492,7.292028481079632,0.581,4.499,2722.031
4.204149090187715,0.5855605427180346,7.152429363925078,0.58,4.499,2728.438
4.204518627341001,0.5852777745591651,7.042339958935707,0.58,4.499,2734.844
4.204506669038612,0.5870721925821605,6.940030205422979,0.58,4.499,2741.25
4.20502703311166,0.5833549799098162,6.812029909873631,0.579,4.499,2747.688
4.203751166635454,0.5748683317996048,6.6874023808693375,0.57,4.494,2754.11
4.203853824503572,0.5749635673493235,6.638781242992952,0.57,4.494,2760.516
4.204212622916245,0.5760617882828193,6.60358840592089,0.569,4.494,2766.922
4.204393202680344,0.5732470631002293,6.439286482098059,0.569,4.494,2773.344
4.204767473585464,0.572422389486539,6.407695125924386,0.569,4.494,2779.735
4.203477396045167,0.5666053823740054,6.350644020210602,0.56,4.488,2786.172
4.2037868946177515,0.5647413925061444,6.27957068138331,0.56,4.488,2792.578
4.204018668799269,0.5636045909947547,6.109113035526889,0.558,4.488,2798.985
4.204268115514801,0.5637309817214279,6.020447082085508,0.558,4.488,2805.391
4.204460000740652,0.561690046758345,5.967324599834611,0.558,4.488,2811.797
4.204703498384566,0.5619725524104371,5.966194640865154,0.557,4.488,2818.235
4.203621433963995,0.551809710736432,5.871264695690615,0.549,4.488,2824.688
4.205346097760651,0.561133071061537,5.7876148600382225,0.557,4.488,2831.063
4.204321888809047,0.5509891099137205,5.729521473011961,0.547,4.483,2837.438
4.205972265766657,0.5598621573754055,5.642566513573002,0.555,4.488,2843.875
4.204988258559672,0.5517186438101609,5.618533053989462,0.546,4.483,2850.281
4.20369203737848,0.542484668763084,5.608313400553898,0.538,4.477,2856.719
4.203851082682299,0.5410090298650249,5.563737639548615,0.536,4.483,2863.125
4.2041324814279,0.5412318842132335,5.488379866278748,0.536,4.477,2869.531
4.2058762630090545,0.5490458544012206,5.418618056412855,0.545,4.488,2876.016
4.204782338378128,0.5389949566552338,5.379173023720327,0.535,4.483,2882.391
4.203624291489377,0.5296844459364856,5.245324008475313,0.526,4.472,2888.828
4.203776795121192,0.5308329196201399,5.2297129184179685,0.526,4.472,2895.219
4.203875750779684,0.5287964062175071,5.241214292586379,0.526,4.472,2901.641
4.204392709098403,0.5323469625986197,5.1181241506119415,0.524,4.472,2907.969
4.204600774855995,0.5278543091733495,5.060037162866473,0.524,4.472,2914.344
4.203509158809895,0.5193848457171099,5.066717345319684,0.515,4.467,2920.719
4.2036835734137235,0.5177109061667159,5.229416763149604,0.515,4.467,2927.094
4.203820969796361,0.5191209486508407,5.397685611735741,0.515,4.467,2933.485
4.204136585028421,0.5176271412208296,5.5436503684651965,0.513,4.467,2939.938
4.204402686479337,0.5192745730249386,5.653729461497758,0.513,4.467,2946.313
4.204642510557161,0.5181192818940716,5.67174233631281,0.513,4.467,2952.688
4.204986289975551,0.5154084820269406,5.744417551187229,0.512,4.467,2959.063
4.2052144907803575,0.5168567989345773,5.820813479960672,0.512,4.467,2965.422
4.205558777338856,0.514798417161605,5.888168077865179,0.511,4.467,2971.86
4.204140642053236,0.5079336395180951,5.921302393756728,0.502,4.461,2978.297
4.204414990745901,0.5081540100276223,5.975326259531673,0.502,4.467,2984.688
4.204785411531312,0.5061427216999141,6.021017104430927,0.501,4.461,2991.031
4.206431132874377,0.5146255164420466,6.035098323856078,0.509,4.467,2997.453
4.205181896740655,0.5049257641218512,6.066867718518435,0.501,4.461,3003.906
4.203818473946133,0.49492099913038207,6.100463629681158,0.492,4.456,3010.328
4.203866213357925,0.4954532903015748,6.134115056645439,0.492,4.456,3016.735
4.20397574980326,0.4959528580094792,6.161970086558087,0.492,4.456,3023.141
4.20415799203186,0.49530813679046815,6.176601069960887,0.49,4.456,3029.531
4.2042659168506535,0.4946854630982072,6.181371479706971,0.49,4.456,3035.938
4.204511837676319,0.49509378915221197,6.188855041290052,0.49,4.456,3042.36
4.204591612245061,0.4930948371370924,6.212970852940245,0.49,4.456,3048.766
4.204786687351172,0.49257100165031903,6.20830309954723,0.49,4.456,3055.156
4.2050729085143335,0.494789438940263,6.23183901532472,0.489,4.456,3061.563
4.205265776746019,0.4908784348078991,6.250517736300421,0.489,4.456,3067.953
4.205512412015006,0.4910478199668009,6.235936946817673,0.489,4.456,3074.391
4.2055718606256285,0.4896980983760698,6.268914175473173,0.489,4.456,3080.781
4.204121396463006,0.4840387417153466,6.293142571530787,0.479,4.45,3087.219
4.204373310563789,0.4829662996569614,6.307845986561403,0.479,4.45,3093.61
4.2043704968818245,0.48321246214413627,6.298372121122796,0.479,4.45,3100.016
4.204576579109848,0.48389288521571494,6.313325430821003,0.479,4.45,3106.422
4.203580173206998,0.4751948290193037,6.3351837474877986,0.47,4.45,3112.86
4.203385081294356,0.4753182883833136,6.3430449363886785,0.471,4.445,3119.25
4.203470401665289,0.47590601007194894,6.341883892545618,0.47,4.445,3125.656
4.203724541319272,0.4736356952284544,6.355540347888342,0.47,4.445,3132.063
4.203664649974434,0.47392659285421496,6.368013141959113,0.47,4.445,3138.453
4.2037543782126,0.4713300575718409,6.382509611460961,0.47,4.45,3144.891
4.203929872814841,0.46988114498389805,6.387209830566547,0.47,4.445,3151.297
4.204031217560525,0.4716415990987012,6.398946936186885,0.468,4.445,3157.703
4.2042334442233775,0.4735018855317977,6.394323040552456,0.468,4.445,3164.094
4.204407890381823,0.47240780246648,6.382006163389241,0.468,4.445,3170.5
4.204523204136398,0.4723766649523123,6.411147844882394,0.468,4.445,3176.938
4.204828962165057,0.47170852390709433,6.428163515561375,0.467,4.445,3183.328
4.2033245324372475,0.4648199883629448,6.464787282339178,0.459,4.44,3189.75
4.203419639480932,0.463363356242664,6.459532930896844,0.459,4.44,3196.141
4.203378507475455,0.4631796489775054,6.452204628161226,0.459,4.44,3202.547
4.203720868335788,0.4626527526868722,6.437221464451221,0.459,4.44,3208.938
4.203961982407711,0.46181006638044725,6.465947471030168,0.458,4.44,3215.375
4.203835279206862,0.46254794629446394,6.47488581078887,0.458,4.44,3221.781
4.2040735972952366,0.462777576292471,6.508921519884735,0.458,4.44,3228.188
4.204256779505418,0.46290553084460767,6.500942077033708,0.458,4.44,3234.578
4.204447782731792,0.46199527092658516,6.504513487506824,0.458,4.44,3240.985
4.204518396718678,0.46325478882715526,6.51967926702463,0.456,4.44,3247.375
4.20452047171951,0.46114545344143165,6.504888319374749,0.456,4.44,3253.797
4.204954372247594,0.46062767968845125,6.525774055310751,0.456,4.44,3260.203
4.204891184441717,0.4604520399347729,6.520413946735885,0.456,4.44,3266.61
4.20521188050728,0.459751806268215,6.531297640791903,0.455,4.44,3273.0
4.205377707205027,0.45979961555916854,6.551852566372438,0.455,4.44,3279.406
4.20541293268332,0.45882759138329027,6.586454562912912,0.455,4.44,3285.828
4.205659742888539,0.46052779151281675,6.597524814094744,0.455,4.44,3292.235
4.204301513199806,0.4484257551495675,6.6027359797043985,0.445,4.434,3298.656
4.2043575167696305,0.4489893039912747,6.598244933342993,0.445,4.434,3305.063
4.204534479413296,0.4513485806273079,6.583010651013397,0.445,4.434,3311.453
4.2045426472857805,0.4484962363088086,6.599670492103759,0.445,4.434,3317.86
4.204589342748922,0.44941243990910884,6.610426466102656,0.445,4.434,3324.25
4.203210317713756,0.44032215303733485,6.629370899012142,0.437,4.429,3330.672
4.203245350783005,0.4397045888076136,6.648000799386771,0.437,4.429,3337.078
4.203421990449724,0.44110425960116795,6.6537024961897515,0.436,4.429,3343.469
4.203425490318627,0.44058540802671853,6.652161260640065,0.436,4.429,3349.875
4.203603774702005,0.4398991636219689,6.671896575940191,0.436,4.429,3356.281
4.203818741679122,0.44031422460701936,6.680229884767977,0.436,4.429,3362.703
4.203872351260889,0.4385851012638599,6.682661447116443,0.436,4.429,3369.11
4.203796842347028,0.4389667189163168,6.703719125630718,0.436,4.429,3375.5
4.203974610957332,0.4388264373835048,6.717515153240434,0.436,4.429,3381.906
4.204236600814704,0.4399867873701866,6.700716014078433,0.435,4.429,3388.297
4.204310827116976,0.43840267044746206,6.71412548552706,0.435,4.429,3394.719
4.204448601815849,0.4384678057420931,6.704103100019234,0.435,4.429,3401.125
4.204620202738228,0.43727368951112394,6.700219236979834,0.435,4.429,3407.453
4.204625345598116,0.43851577374584894,6.69135183608784,0.433,4.429,3413.906
4.20471916825109,0.43755634117626113,6.7235232370183855,0.433,4.429,3420.297
4.205009225808715,0.43662504346433345,6.7458020967670125,0.433,4.429,3426.688
4.205053832404917,0.43928911015758826,6.754109931418292,0.433,4.429,3433.094
4.205287082535167,0.4352716299222661,6.735181970799191,0.433,4.429,3439.485
4.205515791086081,0.4358859568608597,6.748875690906326,0.432,4.429,3445.906
4.205630651364696,0.435382993493267,6.760607335952221,0.432,4.429,3452.297
4.204330522242231,0.4276751911820729,6.782207447076063,0.424,4.423,3458.719
4.204256671535053,0.4278310730408673,6.776130674279452,0.424,4.423,3465.11
4.20446788662002,0.4267446784925795,6.794558055395721,0.424,4.423,3471.5
4.204308781235834,0.42683068162375815,6.795168912498896,0.422,4.423,3477.891
4.204663570056674,0.4262026418889574,6.809431404658026,0.422,4.423,3484.297
4.203306487916667,0.41938127470465675,6.796605660644504,0.414,4.418,3490.703
4.2033814980350614,0.41793486926788814,6.811146190762161,0.414,4.418,3497.11
4.203391296813372,0.41816926575550734,6.813038488334293,0.414,4.418,3503.5
4.203398815391906,0.4183416517180512,6.859309807658487,0.414,4.418,3509.906
4.203364376798701,0.4187678188688243,6.851457435789516,0.414,4.418,3516.297
4.203594129072319,0.4166192396623227,6.838542640867663,0.414,4.418,3522.719
4.203713280205948,0.4165024693409468,6.815712994068701,0.413,4.418,3529.11
4.203863449750246,0.41682380762817084,6.8349762205377775,0.413,4.418,3535.5
4.204087244888112,0.41588266013178893,6.837033235088694,0.413,4.418,3541.906
4.2042205314523375,0.4161119940843002,6.850746748164272,0.413,4.418,3548.297
4.204174296461598,0.4157125016263493,6.860790986804126,0.413,4.418,3554.719
4.204290364166437,0.41663283498811843,6.854124173687028,0.411,4.418,3561.11
4.204656414710518,0.41497558972254334,6.847225015413261,0.411,4.418,3567.5
4.204634277254187,0.4165157763778979,6.872883460109553,0.411,4.418,3573.906
4.204874451071685,0.415810582692556,6.872627987619302,0.411,4.418,3580.297
4.20498718666673,0.4161621014778169,6.915395073901551,0.411,4.418,3586.719
4.204929612850271,0.41330623131130145,6.915359935408256,0.411,4.418,3593.11
4.205129345197859,0.41555254960756044,6.899138689214805,0.41,4.418,3599.516
4.205322604620405,0.41438154826236523,6.902405894216443,0.41,4.418,3605.906
4.205469568981821,0.41398122473317656,6.932151710200394,0.41,4.418,3612.297
4.205450273155609,0.4136805408568425,6.935530044797499,0.41,4.418,3618.719
4.205796166980044,0.4140703152930934,6.972644618120367,0.409,4.418,3625.11
4.204291361734007,0.4042049085969311,6.973644141515889,0.401,4.413,3631.531
4.2042756357066216,0.4033030883626533,7.000988955544388,0.401,4.413,3637.938
4.204462860539983,0.4048824000216267,6.993784290235096,0.401,4.413,3644.328
4.204435647207154,0.4025349628278048,6.981205810160443,0.401,4.413,3650.719
4.204564098918501,0.4019905635967842,6.979933152013103,0.399,4.413,3657.125
4.204764614199972,0.40271430870847846,6.988019114505324,0.399,4.413,3663.547
4.204938270312735,0.40396973728599983,7.007781691571452,0.399,4.413,3669.938
4.205037828230538,0.40452222572298235,7.019116766767966,0.399,4.413,3676.328
4.2052252409040065,0.4036310726046451,7.018824201595911,0.399,4.413,3682.719
4.205417383754849,0.40230887632064716,7.030881386419759,0.398,4.413,3689.125
4.205523612932049,0.40066369978379773,7.000309623763746,0.398,4.413,3695.547
4.205476505866652,0.40106690176021736,7.013022681033491,0.398,4.413,3701.938
4.205568841059564,0.40122251942822046,7.029502471530575,0.398,4.413,3708.328
4.204439337072305,0.39198345408440166,7.058387825465531,0.388,4.407,3714.75
4.204366268907722,0.3935155208086017,7.050064585371372,0.39,4.407,3721.141
4.204705995100821,0.3933127222966744,7.046136817278215,0.388,4.407,3727.547
4.204647138029876,0.3936446661984868,7.056905694671825,0.388,4.407,3733.938
4.204782606709296,0.39085217611497275,7.054091002135397,0.388,4.407,3740.328
4.204895702511307,0.39179289610963425,7.054837897918569,0.388,4.407,3746.75
4.204894734456164,0.3913793531413055,7.081489418518538,0.388,4.407,3753.141
4.20496230235266,0.3912987797260024,7.082968859819312,0.388,4.407,3759.547
4.205171555892021,0.3897388063211079,7.091384043690168,0.387,4.407,3765.938
4.205316920958498,0.3901171038595324,7.086644706480532,0.387,4.407,3772.328
4.20541425830776,0.3886853368930033,7.091170223381269,0.387,4.407,3778.766
4.205649561353904,0.3897811674927317,7.092037328166124,0.387,4.407,3785.141
4.204139951381461,0.3819425906663479,7.103204764585621,0.379,4.402,3791.578
4.204286764336372,0.3816731315688227,7.095412729343815,0.379,4.402,3797.969
4.204331181560699,0.3808813223266595,7.105729810475975,0.377,4.402,3804.36
4.2045612602762805,0.38141530001433827,7.109893316361465,0.377,4.402,3810.75
4.204781624263272,0.379243724208006,7.107927064841622,0.377,4.402,3817.156
4.204707278436323,0.3794300900445251,7.105160836886041,0.377,4.402,3823.578
4.204780653653096,0.37917363546623584,7.098961311742024,0.377,4.402,3829.969
4.204956171293512,0.3797569803370744,7.0997702433608625,0.377,4.402,3836.375
4.205011332949624,0.38014950657054014,7.108314294387356,0.376,4.402,3842.766
4.2051892109814775,0.3793879582165119,7.107304615695031,0.376,4.402,3849.156
4.205240625453024,0.3796440093122634,7.106085571680325,0.376,4.402,3855.578
4.205358763000226,0.3798625749130436,7.100038609445359,0.376,4.402,3861.985
4.205421753312805,0.3781224998249067,7.113927610401209,0.376,4.402,3868.391
4.205760092233906,0.3795000943574578,7.128443097275627,0.375,4.402,3874.781
4.204322929785342,0.36943654728245,7.1192464626116045,0.367,4.396,3881.203
4.2044733993793155,0.3703323355148646,7.119411770425516,0.367,4.396,3887.594
4.204432572936118,0.36966089216273634,7.139959223189806,0.367,4.396,3894.0
4.204383261432655,0.3690757080064666,7.146485963280377,0.367,4.396,3900.391
4.204574989098826,0.370554104815144,7.143849307284214,0.367,4.396,3906.781
4.204718245962774,0.36926567078154066,7.155745274697872,0.367,4.396,3913.203
4.204876697245598,0.36792304873281123,7.1594541998327,0.367,4.396,3919.61
4.204964346050435,0.36942676022133125,7.167737596985716,0.365,4.396,3926.0
4.205017750233219,0.3686542254817017,7.166323430266921,0.365,4.396,3932.391
4.205302045237664,0.3679361841492838,7.168251912741266,0.365,4.396,3938.781
4.20531356324415,0.36991731419941204,7.183046867676896,0.365,4.396,3945.219
4.205553589789748,0.36786885727931173,7.184808133219451,0.365,4.396,3951.61
4.204089167612851,0.35938924561896474,7.178652273635562,0.356,4.391,3957.953
4.204231614832268,0.35967118313304164,7.183495614086609,0.356,4.391,3964.328
4.204183473956737,0.35809772149203284,7.1828448260777344,0.356,4.391,3970.703
4.204164798998094,0.36107554542279324,7.190187244006311,0.356,4.391,3977.078
4.204322758429007,0.3611401339749592,7.195813162810556,0.356,4.391,3983.453
4.2044544186320625,0.3597567307047963,7.201381737811609,0.356,4.391,3989.844
4.204628441813627,0.360112383697042,7.206802149154894,0.356,4.391,3996.219
4.204732960747448,0.35919122824265864,7.221529080240437,0.356,4.391,4002.594
4.204841446325669,0.35793846807716995,7.217361328966069,0.354,4.391,4009.0
4.204852212447734,0.3578997897124441,7.214485444608728,0.354,4.391,4015.328
4.204965270994319,0.35798087898302994,7.231728255825748,0.354,4.391,4021.672
4.205220989953495,0.3574136491098252,7.216958835674946,0.354,4.391,4028.031
4.205283300639127,0.35714509192011,7.227232013625796,0.354,4.391,4034.438
4.205406053913243,0.35569208300763566,7.21826982246873,0.353,4.391,4040.828
4.205583134644702,0.35541112874511566,7.232379907638705,0.353,4.391,4047.219
4.204122743989707,0.34870547131489243,7.220850734628676,0.345,4.386,4053.61
4.204079158217305,0.34794828618942114,7.24205819575603,0.345,4.386,4060.016
4.204196337694088,0.3483031004725091,7.245128014335848,0.345,4.386,4066.406
4.204328545517978,0.3470799872847136,7.2431832974463966,0.345,4.386,4072.797
4.204437379501147,0.34788141753180407,7.251245125103135,0.345,4.386,4079.188
4.204633359179009,0.3477086573596652,7.274457015394109,0.343,4.386,4085.578
4.204687507770245,0.34598206004511856,7.2776668758402705,0.343,4.386,4092.016
4.204712175670495,0.34680076477304644,7.2788664100832445,0.343,4.386,4098.36
4.204714093863511,0.3459770052535334,7.285406504519668,0.343,4.386,4104.719
4.204974108658957,0.3470717337756516,7.2827047616947755,0.343,4.386,4111.094
4.2051001271035755,0.3464208626009673,7.266265085536393,0.343,4.386,4117.453
4.205180999526534,0.3464160389324129,7.273218358571322,0.342,4.386,4123.86
4.205268647299806,0.34586684829995595,7.284328061567292,0.343,4.386,4130.25
4.205424825286561,0.3464512629856431,7.283396544402044,0.342,4.386,4136.656
4.205631630906129,0.34527378685649385,7.29801501152382,0.342,4.386,4143.047
4.204183954548413,0.3385846904898666,7.299853095940216,0.334,4.38,4149.469
4.204123932645479,0.3359206250707868,7.306921266979028,0.334,4.38,4155.875
4.204235766167129,0.33639837369337516,7.311733140951698,0.334,4.38,4162.266
4.204368201445351,0.33736329678367327,7.316911222273809,0.334,4.38,4168.672
4.204507499439883,0.3371440015208741,7.329683108506297,0.334,4.38,4175.063
4.20458738360209,0.3353818421979313,7.346879929339907,0.334,4.38,4181.485
4.204594590515903,0.33665438462500796,7.35207759401562,0.334,4.38,4187.875
4.20475222368154,0.3360840913898946,7.353344975188913,0.333,4.38,4194.281
4.204721056818881,0.3363160987777852,7.3545741510326,0.333,4.38,4200.672
4.205113859619951,0.33496048592564753,7.366681222535804,0.333,4.38,4207.078
4.205004988896699,0.3344889009943532,7.3530137055263864,0.331,4.38,4213.5
4.205022511465502,0.3345570053239509,7.321232517034168,0.331,4.38,4219.891
4.205201173743385,0.3341561871333384,7.263507220592213,0.331,4.38,4226.297
4.205222228312568,0.3336040689700718,7.117067852413021,0.331,4.38,4232.703
4.205525423325508,0.3341668789088479,6.894035571641323,0.331,4.38,4239.11
4.2056516491119496,0.33601614042549544,6.600048667145804,0.331,4.38,4245.531
4.204174575814824,0.3259792023032691,6.462668559782601,0.323,4.375,4251.969
4.204227185293225,0.32540100987042037,6.339392573107986,0.323,4.375,4258.36
4.2041739172520005,0.32487250093734943,6.221090597733805,0.323,4.375,4264.766
4.204520254892434,0.3252070079603791,6.0291226189051175,0.322,4.375,4271.156
4.20448238259145,0.32487366754440755,5.915506145121644,0.322,4.375,4277.563
4.2046556979525205,0.3236082006887527,5.821989600568788,0.322,4.375,4283.985
4.204852006660639,0.3243614989958521,5.685496076282649,0.322,4.375,4290.391
4.205109507917278,0.3240965570215048,5.63633209871189,0.322,4.375,4296.781
4.205288697578862,0.3249255615736294,5.574685042957484,0.32,4.375,4303.188
4.205241465464881,0.32458979389864834,5.524035640385556,0.32,4.375,4309.578
4.205557491566241,0.3236120532787269,5.415481955109163,0.32,4.375,4316.016
4.203962037710262,0.3152647988119054,5.289671225072215,0.311,4.369,4322.438
4.203957860831483,0.3154637675865358,5.249973201030321,0.311,4.369,4328.828
4.204240228723853,0.3128527634094736,5.2250916277945825,0.311,4.369,4335.235
4.204346276320252,0.31321728489355366,5.097229865662187,0.311,4.369,4341.86
4.204591482554415,0.31405137342007466,5.065828894434916,0.31,4.369,4348.25
4.204725635573627,0.3129058272568636,5.016460858958116,0.31,4.369,4354.672
4.204793748925386,0.31146459438078905,4.955304531050971,0.31,4.369,4361.063
4.205154579745221,0.3114155650089391,4.925813547553231,0.31,4.369,4367.469
4.204955057192436,0.31206733353559857,4.928980171858324,0.308,4.369,4373.86
4.205294870130589,0.3114030360403785,4.8379123260752195,0.308,4.369,4380.266
4.205429751587053,0.3122072271385576,4.801854192061136,0.308,4.369,4386.672
4.205770149752478,0.3110852698783238,4.702942683011023,0.307,4.369,4393.078
4.204392234774424,0.299951947859966,4.673786789528634,0.3,4.364,4399.5
4.204641382428559,0.3009619522664718,4.613317686584404,0.299,4.364,4405.906
4.204612659014489,0.303703363296012,4.559135221160901,0.299,4.364,4412.297
4.204742025626969,0.3001435924188206,4.477006056564835,0.299,4.364,4418.703
4.204876739235315,0.30024824526518173,4.411791073404183,0.299,4.364,4425.094
4.205164184430511,0.302236624298744,4.364017004601453,0.297,4.364,4431.516
4.205192868611481,0.3004461871833758,4.294977032153487,0.297,4.364,4437.906
4.205487437991189,0.29909360928128126,4.335599337361042,0.297,4.364,4444.313
4.205703429914501,0.3015845211541935,4.47891355205296,0.297,4.364,4450.719
4.204422293764215,0.2918063633477918,4.658804157431317,0.288,4.359,4457.141
4.204442865097867,0.29089108065980174,4.750764765390114,0.288,4.359,4463.531
4.204393670760056,0.290677880379423,4.868531669283435,0.288,4.359,4469.938
4.204750981667283,0.2906411362639681,4.931696390155045,0.288,4.359,4476.328
4.204716464467406,0.28881073865631995,5.020508116808128,0.288,4.359,4482.735
4.204691899092657,0.2897786718491957,5.122451547759381,0.286,4.359,4489.141
4.2049974554125376,0.29055491207392375,5.200623187991269,0.286,4.359,4495.547
4.205188247837487,0.2893885390174165,5.260250953384569,0.286,4.359,4501.938
4.205273991992807,0.2894456914171714,5.2911223531771805,0.286,4.359,4508.344
4.205231204905255,0.2897072531411963,5.2920140509995806,0.286,4.359,4514.735
4.20549065481904,0.2883101464005526,5.35621599542872,0.285,4.359,4521.156
4.205813530062555,0.2882133156554504,5.378801803796924,0.285,4.359,4527.547
4.205863865656809,0.2885326969475625,5.417636235220001,0.285,4.359,4533.953
4.205917720990969,0.28922902095942293,5.41924215481451,0.285,4.359,4540.344
4.205985272907685,0.2877322256508061,5.466228236981915,0.285,4.359,4546.75
4.206228048676504,0.2857963681321901,5.485941112110013,0.285,4.359,4553.172
4.206305069198057,0.2866276871979814,5.515181304325691,0.284,4.359,4559.547
4.206359457283193,0.28587954003521987,5.506555393793326,0.284,4.359,4565.922
4.20645749635831,0.28596264450516906,5.543603230815141,0.284,4.359,4572.313
4.206619034134104,0.2858016154176357,5.553789737816989,0.284,4.359,4578.672
4.204949084825501,0.2788369283795789,5.5727804784796815,0.276,4.353,4585.11
4.205357080172142,0.27482266140437156,5.589241856040345,0.274,4.353,4591.5
4.2055539722240685,0.2756701521922245,5.623198663617326,0.276,4.353,4597.875
4.203864074004906,0.2673142478723872,5.652190702678886,0.266,4.348,4604.281
4.203763384032454,0.2684603180540509,5.681327157526548,0.266,4.348,4610.672
4.20387050252806,0.2683829132174042,5.659425870160471,0.266,4.348,4617.078
4.203864352487351,0.2710670069406961,5.677080415049082,0.266,4.348,4623.469
4.203891394202468,0.27110775325423525,5.675969885071506,0.266,4.348,4629.875
4.203832172280695,0.26721754460464825,5.702701773539988,0.266,4.348,4636.297
4.204009880347914,0.2674933377508763,5.703932442033749,0.266,4.348,4642.688
4.204080825285323,0.26625880535388613,5.69368830578431,0.266,4.348,4649.078
4.204084381705577,0.266946932125569,5.724490011542987,0.266,4.348,4655.485
4.204346972662731,0.2662332423022493,5.735254756159369,0.266,4.348,4661.875
4.204368029607692,0.270272516588207,5.752502222669778,0.266,4.348,4668.203
4.204637761573223,0.26798955853622997,5.761174336311202,0.265,4.348,4674.563
4.2044929317634745,0.270059110736033,5.788635895151708,0.265,4.348,4680.938
4.204531774365348,0.2682574437369993,5.7957002308952985,0.265,4.348,4687.313
4.2045626723475396,0.2657491284144036,5.807636003748952,0.265,4.348,4693.688
4.2047084591684545,0.2686889281468401,5.804432662839439,0.265,4.348,4700.11
4.204813328638425,0.26569718157212485,5.813383914304234,0.265,4.348,4706.453
4.204629971185077,0.266290771492422,5.815772308116866,0.265,4.348,4712.828
4.205048780182877,0.26748623625019685,5.843719834097033,0.265,4.348,4719.266
4.204975235954016,0.2659629721176968,5.876060995047146,0.263,4.348,4725.703
4.205209601053281,0.2670170437531949,5.889411828099545,0.263,4.348,4732.094
4.205290713398894,0.26669141639045213,5.879551474468984,0.263,4.348,4738.719
4.2052810062399555,0.2654914335623459,5.9044606037206355,0.263,4.348,4745.141
4.205184784594107,0.2653141832797361,5.896523905879053,0.263,4.348,4751.578
4.20540560819037,0.2632238188267683,5.925883390279202,0.263,4.348,4758.0
4.205782309593317,0.2686758439095669,5.934376434757577,0.263,4.348,4764.438
4.2056650822371635,0.2642865149691345,5.944042113692175,0.263,4.348,4770.891
4.205824333265664,0.2667944100837995,5.954930332275116,0.262,4.348,4777.328
4.205769361448779,0.26296549495235805,5.957032576368523,0.262,4.348,4783.75
4.206045218133048,0.26707954131612244,5.9746283367005395,0.262,4.348,4790.172
4.206169715068905,0.26465627739849085,5.983451501352047,0.262,4.348,4796.594
4.206212553126274,0.2659470120639311,5.994500838908387,0.262,4.348,4803.016
4.206161689244258,0.26502032794961244,6.002115511716001,0.262,4.348,4809.438
4.206262040586432,0.2623113143272719,6.0052770628748595,0.262,4.348,4815.844
4.206445985654796,0.26567647217184914,6.013302624370199,0.262,4.348,4822.266
4.206417205165174,0.2635942340370894,6.050138858935511,0.262,4.348,4828.688
4.206522581306153,0.2640367876366827,6.061177404385146,0.261,4.348,4835.125
4.20639407798739,0.26220202272739257,6.0636394805454605,0.261,4.348,4841.563
4.206621837096764,0.26255539321017546,6.08550758956873,0.261,4.348,4847.969
4.205191602787721,0.25401413233893205,6.098069736999317,0.252,4.342,4854.5
4.205232525327554,0.2538114972245019,6.101276970751425,0.252,4.342,4861.063
4.205239252691735,0.2538640741143326,6.103263548357586,0.252,4.342,4867.485
4.205518106510064,0.2558751830549823,6.102650891478716,0.252,4.342,4873.906
4.205302301322353,0.25496975966791924,6.1106057491532235,0.252,4.342,4880.344
4.205536538916807,0.25516276929895537,6.120758421281426,0.252,4.342,4886.781
4.205366727473632,0.25542176928810284,6.151021432620259,0.252,4.342,4893.141
4.205459238411111,0.25698651483788204,6.167175648460131,0.251,4.342,4899.516
4.20542109221683,0.253036626282785,6.165929084367197,0.252,4.342,4906.188
4.205424404601698,0.25265059419536645,6.162334136193402,0.251,4.342,4913.235
4.2054411950061,0.2540087915331259,6.194078587327418,0.251,4.342,4920.297
4.205684553884699,0.2531485187759909,6.209868343644502,0.251,4.342,4926.781
4.204277580421201,0.2490139848266709,6.230881561078381,0.243,4.337,4933.266
4.203841539238148,0.24592765772464853,6.228677950891923,0.243,4.337,4939.688
4.204272775014336,0.2457545009627172,6.2342790670542865,0.243,4.337,4946.078
4.204342454834514,0.24513205276942077,6.208583158993036,0.243,4.337,4952.5
4.204129167342383,0.24528881304148112,6.238047888117837,0.243,4.337,4958.891
4.204288022946451,0.24271208124633428,6.269439172396559,0.243,4.337,4965.313
4.204336106771964,0.24656021125340316,6.257970100675791,0.243,4.337,4971.719
4.204405735006942,0.24824236942946962,6.248758319631039,0.243,4.337,4978.125
4.204558626297095,0.2467130041627356,6.240354624792672,0.243,4.337,4984.516
4.204555778030035,0.2472299691070358,6.259338928264321,0.243,4.337,4990.922
4.204655445490126,0.2481954453908268,6.281437556704842,0.243,4.337,4997.344
4.204722950532457,0.24348118896610457,6.310510270452096,0.243,4.337,5003.75
4.204775376017542,0.24733227813477962,6.328516644676854,0.242,4.337,5010.141
4.204740796364374,0.24478697412985312,6.3120180181166665,0.242,4.337,5016.547
4.204862293901552,0.2457215161587536,6.306746184653465,0.242,4.337,5022.953
4.204802614590272,0.245233339581144,6.317272170250163,0.242,4.337,5029.391
4.205023439746462,0.2455674877768781,6.33471719043186,0.242,4.337,5035.797
4.204871359667225,0.24553272070350368,6.341843088373879,0.242,4.337,5042.188
4.20510394870631,0.24428123901908413,6.347567683926475,0.242,4.337,5048.594
4.205038719869543,0.24417638847529483,6.340288951018696,0.242,4.337,5055.0
4.205239216427282,0.24315722103487525,6.369098813061575,0.242,4.337,5061.422
4.205119674713308,0.24227319750592083,6.3996900442997005,0.242,4.337,5067.813
4.205285473641988,0.2451312336329189,6.395466548580575,0.242,4.337,5074.219
4.205423898920946,0.24453835783543657,6.400818050828245,0.24,4.337,5080.61
4.205238462654646,0.24324535346999,6.405966108901058,0.24,4.337,5087.016
4.2054837708657935,0.244523512033105,6.408065698835566,0.24,4.337,5093.438
4.205554888290354,0.2412222254872302,6.413102398698782,0.24,4.337,5099.844
4.205480961959432,0.24416874137640562,6.425937442101098,0.24,4.337,5106.235
4.205768911714754,0.2445847813248639,6.438699468140038,0.24,4.337,5112.641
4.205928063536418,0.24414487099483276,6.442846703671976,0.24,4.337,5119.031
4.205740894738752,0.24137065697935922,6.464484851344572,0.24,4.337,5125.469
4.205779313379153,0.24131953541280582,6.466320526135185,0.24,4.337,5131.86
4.206165421009576,0.24175348843181593,6.461848451115163,0.239,4.337,5138.266
4.205992330593366,0.24143796674786897,6.461564211166716,0.239,4.337,5144.656
4.206074676727991,0.2392002801587355,6.4846115509091025,0.239,4.337,5151.063
4.206144826214823,0.2454800877377937,6.485648699861335,0.239,4.337,5157.485
4.206223510629356,0.2407921351698287,6.503381512458289,0.239,4.337,5163.891
4.20647321921759,0.24111174570038663,6.4975719370609974,0.239,4.337,5170.281
4.2065292260712965,0.2415907361198152,6.510393866435102,0.239,4.337,5176.688
4.206774101426529,0.23856084918942758,6.506005477617551,0.239,4.337,5183.078
4.205213235623561,0.23279453077001971,6.54368877001469,0.231,4.332,5189.516
4.205027283599081,0.23226888845197444,6.5443337748926105,0.231,4.332,5195.906
4.205077325474604,0.23334232965484936,6.56456872338495,0.231,4.332,5202.297
4.205045624558724,0.23134143288756853,6.59776462613148,0.231,4.332,5208.703
4.2052680723948725,0.2321016710258382,6.597504734669586,0.229,4.332,5215.094
4.2052077179418745,0.2309706386180134,6.608106758900701,0.229,4.332,5221.516
4.205472764424194,0.23182714969987836,6.623997874936705,0.229,4.332,5227.922
4.205416908059509,0.23555377597036425,6.635590652705959,0.229,4.332,5234.313
4.20543601868582,0.23203026553065437,6.639038500714872,0.229,4.332,5240.719
4.205603727443571,0.23381096718286576,6.627593221504889,0.229,4.332,5247.11
4.205478200546367,0.2302511168096375,6.63022618984768,0.229,4.332,5253.531
4.205621487570141,0.23264581829996633,6.63321702106903,0.229,4.332,5259.938
4.205575086799407,0.23328567096347408,6.647150677101106,0.229,4.332,5266.328
4.205836363791079,0.23268441334554887,6.649758624071563,0.229,4.332,5272.735
4.205753043289754,0.23109642708124753,6.663195983760868,0.229,4.332,5279.125
4.205683798452009,0.23124357253984712,6.665019153962441,0.229,4.332,5285.563
4.205884509094414,0.23306454821452705,6.673126273705523,0.229,4.332,5291.953
4.205889292372136,0.22863301893756244,6.674075274311082,0.228,4.332,5298.36
4.206080763814648,0.2316522539865027,6.669713825144321,0.228,4.332,5304.75
4.206177599395744,0.23111027311503185,6.673368259923501,0.228,4.332,5311.156
4.206046149270301,0.22981310185344586,6.68099616316953,0.228,4.332,5317.578
4.206072546724693,0.22876175217645028,6.692893128355095,0.228,4.332,5323.969
4.206468748441262,0.23168111335466302,6.688946913563168,0.228,4.332,5330.375
4.206326921393315,0.22865394824713442,6.682219268267701,0.228,4.332,5336.766
4.206403863643213,0.23572333757856614,6.701704478586701,0.228,4.332,5343.172
4.206396838959256,0.22941910111801092,6.705670158046471,0.227,4.332,5349.594
4.2065959799098325,0.22979821058125383,6.7117401362706115,0.227,4.332,5356.0
4.205105448721242,0.220671595765107,6.709770730704407,0.218,4.326,5362.406
4.205001685324237,0.2201821767985094,6.718374193074857,0.218,4.326,5368.813
4.205010012301366,0.22111317698022404,6.7219249696021866,0.218,4.326,5375.203
4.205170699710774,0.2219694839993892,6.726850257619835,0.218,4.326,5381.61
4.205125765300651,0.21983789515619812,6.735930375973394,0.218,4.326,5388.0
4.205204932459139,0.22299148204197472,6.734930489239874,0.218,4.326,5394.422
4.205223556454836,0.22047830247362235,6.745113324308345,0.218,4.326,5400.813
4.205456155371759,0.22061373209690102,6.756750576862654,0.218,4.326,5407.219
4.2051656966523225,0.22148073545260794,6.761520327903041,0.218,4.326,5413.61
4.2052765098638005,0.22134090551971472,6.767987472791474,0.218,4.326,5420.016
4.205194002505724,0.21899519564736508,6.769981524161335,0.217,4.326,5426.438
4.205422350995192,0.22042929688671406,6.773087035781392,0.218,4.326,5432.828
4.205449141934269,0.2199549196468834,6.775676788653857,0.218,4.326,5439.219
4.205524496258328,0.2218405829484291,6.792141464556919,0.217,4.326,5445.61
4.205832140697765,0.2218389851720709,6.799341046777303,0.217,4.326,5452.0
4.204477211098888,0.210518421878906,6.796878879765979,0.209,4.321,5458.422
4.204076473842686,0.2101866872702276,6.805564335612845,0.209,4.321,5464.828
4.204153790155379,0.20931464013695103,6.817262314247991,0.209,4.321,5471.219
4.204313399867211,0.21059693743690786,6.814036257439933,0.209,4.321,5477.625
4.204236865803666,0.21282135338868405,6.829972429541982,0.209,4.321,5484.016
4.2041278493513525,0.2131663035800995,6.83099888142236,0.209,4.321,5490.438
4.204332671952104,0.2089767982376465,6.8384839445650645,0.209,4.321,5496.844
4.204338676144746,0.20939811744279704,6.840197012417052,0.209,4.321,5503.235
4.204236751296489,0.2142088495015871,6.839795592093401,0.209,4.321,5509.641
4.204574632126048,0.2137848254890135,6.847729252417898,0.209,4.321,5516.031
4.2045707021369925,0.2106385731755078,6.848316868678298,0.209,4.321,5522.453
4.2042613791592665,0.21019955334734836,6.854904470590766,0.209,4.321,5528.86
4.204472821104735,0.2109182206490617,6.860868560055339,0.209,4.321,5535.25
4.204700694268708,0.20893991593244549,6.854273442481369,0.208,4.321,5541.656
4.204500552782656,0.20963615903295973,6.86186936270764,0.209,4.321,5548.047
4.204545381834102,0.20844183647880973,6.879202755645109,0.208,4.321,5554.469
4.204930853340339,0.21176900046442756,6.870723364515088,0.208,4.321,5560.875
4.204738520251677,0.21216592868291814,6.888217532168751,0.208,4.321,5567.266
4.204727287149203,0.20928787264647342,6.8987247357379875,0.208,4.321,5573.656
4.2048318443399975,0.21070488100414217,6.9002869661606345,0.208,4.321,5580.063
4.205032718511344,0.21236259524739204,6.919431969863723,0.208,4.321,5586.485
4.204977892503366,0.20927303889059717,6.909157796519886,0.208,4.321,5592.891
4.205121765959188,0.20753288883319518,6.916870204571954,0.208,4.321,5599.281
4.2050930906828965,0.21071707536670312,6.922635733868092,0.208,4.321,5605.672
4.205193908771516,0.20565561962208487,6.931575163262684,0.208,4.321,5612.078
4.20513248348678,0.20884756049334485,6.9271624998317565,0.208,4.321,5618.5
4.20540320044949,0.2075487584796614,6.942368225232364,0.208,4.321,5624.906
4.205328344466186,0.20688547483913597,6.9430993435076935,0.206,4.321,5631.297
4.205428181905403,0.2084242905768647,6.943563356503373,0.206,4.321,5637.688
4.205580405433484,0.21082637319886466,6.937972565773469,0.206,4.321,5644.078
4.205543434077914,0.20882592788859142,6.937554436695556,0.206,4.321,5650.5
4.2057512648260875,0.20799510349490052,6.956634579797426,0.206,4.321,5656.891
4.205461984875816,0.2057650525140719,6.957079882956277,0.206,4.321,5663.297
4.205937526932159,0.21037767421714726,6.9573797007514155,0.206,4.321,5669.688
4.205776861986257,0.2078894317905148,6.968236148168932,0.206,4.321,5676.094
4.205835320215371,0.20714470431083384,6.991895601101779,0.206,4.321,5682.516
4.206000529274631,0.20760870727019318,6.996919422853526,0.206,4.321,5688.906
4.205906223897024,0.20874213813163672,7.001896031268271,0.205,4.321,5695.297
4.2061490401050206,0.20722893123602287,7.001914868326483,0.205,4.321,5701.688
4.206145401331984,0.20440141930299838,6.998316012044723,0.205,4.321,5708.094
4.20625754584194,0.21094891500796842,6.9829684251053035,0.205,4.321,5714.516
4.206141042962931,0.20670437949851944,6.946325803066495,0.205,4.321,5720.906
4.206417260128672,0.20899455595894456,6.845261671325335,0.205,4.321,5727.297
4.2063141865047236,0.20664882663653272,6.691226511535261,0.205,4.321,5733.703
4.206409935819041,0.20699746547420192,6.389496331030062,0.205,4.321,5740.078
4.206544812434265,0.20774208015734796,6.2361998134750305,0.205,4.321,5746.516
4.206567979975995,0.2077241529041707,6.098322521755022,0.204,4.321,5752.844
4.205234602026904,0.19798474044958736,5.907906894149002,0.195,4.315,5759.219
4.205204083949317,0.19696790465971237,5.829785318763804,0.195,4.315,5765.625
4.205164236146173,0.19796633552258566,5.721551182283813,0.195,4.315,5772.016
4.205368987084044,0.19935330630390372,5.596131505374052,0.195,4.315,5778.406
4.205374635565783,0.19926857670148515,5.490388892717649,0.195,4.315,5784.813
4.205628806786177,0.194031070002215,5.424021012882745,0.195,4.315,5791.203
4.204052294935443,0.18978277148881326,5.316429208432917,0.187,4.31,5797.61
4.20406743829043,0.19064920905555624,5.221851846769794,0.187,4.31,5804.0
4.20411233343745,0.19090587260916983,5.161774361836524,0.187,4.31,5810.391
4.204071316210475,0.18693484930286883,5.035834742440162,0.187,4.31,5816.797
4.203981460318332,0.1865298110496932,5.002930891140636,0.187,4.31,5823.188
4.204478026363245,0.18469824406988922,4.94336623416635,0.187,4.31,5829.594
4.2044152316726,0.18943058283299496,4.900066244301845,0.187,4.31,5835.985
4.20423540117931,0.18845213955833304,4.83960610237001,0.186,4.31,5842.391
4.204547088939321,0.19174063912690933,4.840303244420619,0.186,4.31,5848.781
4.204566704764934,0.18637055772420943,4.751866781613047,0.186,4.31,5855.172
4.204647547129846,0.18969902838293612,4.69253954774119,0.186,4.31,5861.594
4.204771399208728,0.18779101460025288,4.658166929058204,0.186,4.31,5867.985
4.204836842178087,0.18740719339201856,4.573061636171064,0.186,4.31,5874.375
4.204869840264075,0.1870402116765144,4.548566291546185,0.186,4.31,5880.766
4.204956029313948,0.18759853783977407,4.50229270741971,0.186,4.31,5887.156
4.205081593971942,0.18726339435581996,4.444553538155481,0.186,4.31,5893.578
4.205094037842386,0.18879534895376113,4.344483229697713,0.185,4.31,5899.969
4.205283856941526,0.18444647308150283,4.324423804851194,0.185,4.31,5906.36
4.205382921000112,0.18652075082286668,4.222163488090161,0.185,4.31,5912.75
4.205438049352176,0.18526859185933842,4.225480127384294,0.185,4.31,5919.141
4.20564717243981,0.18602807307721725,4.150782702536284,0.183,4.31,5925.563
4.205802174803417,0.18554972188330573,4.121549842992036,0.185,4.31,5931.969
4.205807858951763,0.18802765773327387,4.073847503104717,0.183,4.31,5938.375
4.206027925605184,0.18724779095730654,4.053127462093503,0.183,4.31,5944.719
4.206102080207165,0.1853188027708969,3.959555594671251,0.183,4.31,5951.078
4.206249605956473,0.18611226779339318,3.9754804097405274,0.183,4.31,5957.438
4.206482714984156,0.18431983285627213,3.9830588599420027,0.183,4.31,5963.813
4.206570488581467,0.18610236118290852,4.120054850492708,0.182,4.31,5970.219
4.20508298448292,0.17508150420447516,4.2807501367603855,0.174,4.305,5976.578
4.205089404441281,0.17631071164671086,4.451820036014239,0.174,4.305,5982.953
4.205209466650751,0.17495142068314298,4.563729610012089,0.174,4.305,5989.313
4.205314128877543,0.17479444979984138,4.657413918302749,0.174,4.305,5995.672
4.205444425490483,0.1773504337517504,4.727703298760566,0.174,4.305,6002.047
4.205240863752324,0.17481236002191583,4.798160164974788,0.174,4.305,6008.438
4.205529544777001,0.17433245190847227,4.869423000675073,0.172,4.305,6014.797
4.205359511966982,0.17523290374834496,4.9117113686299945,0.172,4.305,6021.156
4.205607239109457,0.1743799366848558,4.924935372283792,0.172,4.305,6027.531
4.205636673471044,0.17327404322260756,4.984811418993023,0.172,4.305,6033.891
4.205968384864231,0.17421467236691385,5.021367997787962,0.172,4.305,6040.281
4.205731928709487,0.17393951751831987,5.05449844251569,0.172,4.305,6046.656
4.205885172485258,0.1734978262184495,5.072663759639178,0.172,4.305,6053.016
4.205885496619898,0.17494594333087451,5.108698352873752,0.172,4.305,6059.375
4.206091192851268,0.17493618351226667,5.150228288273052,0.172,4.305,6065.75
4.20595280333538,0.17345040687625557,5.16848558842521,0.171,4.305,6072.141
4.206102854391859,0.1719355895665445,5.1881984337889495,0.171,4.305,6078.485
4.206394567848203,0.1738404922998463,5.182987490030642,0.171,4.305,6084.875
4.206163600270313,0.1732318594911159,5.211883007900509,0.171,4.305,6091.281
4.206058906274008,0.17311816670084654,5.233194995374581,0.171,4.305,6097.672
4.2063717699821455,0.17175702778582635,5.245853015541379,0.171,4.305,6104.094
4.206583708466123,0.17464954122370577,5.26989451248966,0.171,4.305,6110.5
4.205022379386591,0.16683948667309728,5.280145797450738,0.163,4.299,6116.922
4.204911531997987,0.1639442947956675,5.325893340350093,0.163,4.299,6123.313
4.204839577898714,0.16363599558651082,5.337978187083877,0.163,4.299,6129.719
4.2050040938473545,0.16123857373948594,5.343929965544134,0.163,4.299,6136.11
4.205014767753816,0.16334335643227663,5.358535746975485,0.163,4.299,6142.5
4.205188878551031,0.1624680318466633,5.372486753851629,0.163,4.299,6148.922
4.2050193681458605,0.16606925247305937,5.390812084500764,0.163,4.299,6155.328
4.20520730753118,0.164997281315693,5.400793576150892,0.163,4.299,6161.719
4.2052157398384455,0.16352298494747936,5.438099552332075,0.163,4.299,6168.11
4.205174862802017,0.16198316785782566,5.440295116049241,0.163,4.299,6174.516
4.2051568868565345,0.16391139982619005,5.456506382449974,0.163,4.299,6180.922
4.205075788414683,0.1639336764188457,5.466263921333997,0.163,4.299,6187.328
4.205196420404083,0.16384833414829358,5.483330920755545,0.163,4.299,6193.719
4.205385098731606,0.16395760240596888,5.502871103344241,0.163,4.299,6200.125
4.205329781165402,0.165159913173669,5.521961839006854,0.161,4.299,6206.516
4.2052823342011845,0.16280049779015332,5.536766005707774,0.161,4.299,6212.938
4.205480734772315,0.16292011613258622,5.560435853935785,0.161,4.299,6219.344
4.205528337846325,0.16205167428096576,5.557726399624708,0.161,4.299,6225.672
4.205478138840196,0.16408209104622745,5.577399613848502,0.161,4.299,6232.031
4.205485607859492,0.1639061312900729,5.577039842865806,0.161,4.299,6238.391
4.205588646883453,0.16277121985958887,5.5909138931766,0.161,4.299,6244.766
4.205529012390158,0.16210013089239708,5.608111343338767,0.161,4.299,6251.125
4.205806829210633,0.16381456392357502,5.658839910957383,0.161,4.299,6257.485
4.20592796967477,0.16464977150418023,5.67571362526111,0.161,4.299,6263.828
4.205850246465501,0.16224131887626292,5.647629066596885,0.161,4.299,6270.188
4.206001337145981,0.1637371942675713,5.66413699111298,0.161,4.299,6276.563
4.2060673769801635,0.16269051074086902,5.672696841997856,0.161,4.299,6282.922
4.206057385600066,0.1634604206269122,5.713675946591148,0.161,4.299,6289.281
4.206123142767495,0.15906764985331145,5.729476427232439,0.161,4.299,6295.625
4.206275370807774,0.16136968908600383,5.75752960814739,0.161,4.299,6301.985
4.206128857670031,0.1635470569631606,5.745241474145356,0.161,4.299,6308.36
4.206187731104539,0.16263773646000965,5.7544680767259395,0.161,4.299,6314.719
4.206388502972375,0.16202655175836414,5.772348935583481,0.16,4.299,6321.078
4.206420795358819,0.1624536527787652,5.781195936241308,0.16,4.299,6327.422
4.206389299805879,0.1594299045967929,5.781455812041109,0.16,4.299,6333.781
4.206311792157981,0.1624904912057447,5.7981776180116915,0.16,4.299,6340.156
4.2066419723423945,0.1614269894377996,5.8086689223850865,0.16,4.299,6346.516
4.205060199222331,0.1524881923911115,5.820721704462625,0.152,4.294,6352.891
4.205031975884602,0.15207823272941048,5.822433329016433,0.152,4.294,6359.266
4.205089514355278,0.15172435749294827,5.848715530748622,0.152,4.294,6365.641
4.204950839229134,0.1539760871909084,5.869872186495028,0.152,4.294,6372.0
4.204957267847177,0.15220540752625494,5.878960467930079,0.152,4.294,6378.375
4.205097824892249,0.15392039805254779,5.879045370523304,0.152,4.294,6384.766
4.204901846457272,0.15549705058038843,5.903394083308256,0.152,4.294,6391.125
4.2052657286831305,0.15438724708178822,5.890837021368739,0.152,4.294,6397.485
4.205096965306995,0.15304090361722947,5.901116435473662,0.152,4.294,6403.86
4.205113382004997,0.15405930933818898,5.926481059223634,0.152,4.294,6410.219
4.205105596011374,0.1533295480944458,5.940618437264394,0.152,4.294,6416.61
4.205106990879731,0.15402367265993386,5.943445493732648,0.152,4.294,6422.969
4.205241126942651,0.1536727180856288,5.964817999908431,0.152,4.294,6429.344
4.205089210584705,0.15295360452414494,5.957086619470138,0.152,4.294,6435.703
4.205177727738175,0.15624800529715596,5.990034066708381,0.152,4.294,6442.063
4.2049816226330705,0.15382609537506736,6.0148021003501215,0.152,4.294,6448.453
4.205262192620538,0.15154563401489965,6.026607785702011,0.152,4.294,6454.828
4.2051883500966305,0.15315189160721487,6.0330674913407965,0.151,4.294,6461.188
4.205168641384088,0.1531957985466379,6.037214650457039,0.152,4.294,6467.563
4.205276604068648,0.15372885492679028,6.027275041242723,0.151,4.294,6473.922
4.205110516284585,0.1522745388247639,6.022052634296191,0.151,4.294,6480.313
4.205315393755365,0.15187920794077686,6.056425297251954,0.151,4.294,6486.672
4.20529277350412,0.15208539667454915,6.07256163293635,0.151,4.294,6493.047
4.205298302986923,0.1525546233163698,6.0849240554499255,0.151,4.294,6499.406
4.205229619984267,0.15092669634634748,6.119529031606041,0.151,4.294,6505.766
4.2054032604535605,0.15294241943783732,6.1118261116598775,0.151,4.294,6512.156
4.2052397638279775,0.15233903296138288,6.1089873984164464,0.151,4.294,6518.531
4.205458310581131,0.15291497465800688,6.133121594645998,0.151,4.294,6524.891
4.2054691705925915,0.1512675775666395,6.13823106180502,0.151,4.294,6531.25
4.205518053014939,0.15054496893209343,6.123122529389851,0.151,4.294,6537.61
4.205512611439441,0.14881749677314626,6.140955580656739,0.151,4.294,6544.031
4.205439644761412,0.15400253349705312,6.147574499602805,0.151,4.294,6550.422
4.205681068626955,0.15257947127779853,6.164525593618551,0.151,4.294,6556.828
4.205692114225306,0.15116733222636394,6.163932949305403,0.151,4.294,6563.219
4.205830680948723,0.15250250703789878,6.177773882523329,0.151,4.294,6569.625
4.205657153874899,0.15251951486890808,6.183210936159249,0.151,4.294,6576.047
4.205718363783901,0.15215036995011202,6.2020522064944785,0.151,4.294,6582.438
4.20573271691164,0.15306007845298328,6.219446268578588,0.151,4.294,6588.828
4.2059016082062675,0.15317870994329918,6.220198157428816,0.151,4.294,6595.25
4.205950846814539,0.15212367003686836,6.20550078630526,0.149,4.294,6601.578
4.205943690050064,0.1500677399757895,6.214002724269201,0.149,4.294,6607.969
4.205913784943096,0.15068759844948387,6.2389806276401885,0.149,4.294,6614.328
4.206136924453658,0.1508243651481694,6.235082604651033,0.149,4.294,6620.688
4.206140656384052,0.15046498645461046,6.2546420133272465,0.149,4.294,6627.047
4.205974357135076,0.15138694173166653,6.262546296206004,0.149,4.294,6633.406
4.206230401755826,0.15114735724161873,6.284997512168021,0.149,4.294,6639.797
4.206147705587902,0.15137920176052375,6.281184026888826,0.149,4.294,6646.156
4.206199107311879,0.15062120711618052,6.286855432901526,0.149,4.294,6652.516
4.206415603868839,0.15106502113948422,6.274975648947753,0.149,4.294,6658.875
4.206401605188236,0.15233960122574022,6.310239028794725,0.149,4.294,6665.219
4.206436797809875,0.1515115455868386,6.314763019745118,0.149,4.294,6671.61
4.206449248318992,0.1493275402542088,6.319334649215589,0.149,4.294,6677.969
4.206463560817889,0.14976251273366198,6.334089039281301,0.149,4.294,6684.328
4.206470032454049,0.14893940446277054,6.349923791056536,0.149,4.294,6690.688
4.206485613645403,0.15075718200077826,6.346618290949804,0.149,4.294,6697.047
4.206570146796531,0.14941507356410164,6.381673868820648,0.148,4.294,6703.438
4.205247434415958,0.14106799913148743,6.407840101179995,0.14,4.288,6709.828
4.205153788644676,0.14223472098398063,6.413889092714758,0.14,4.288,6716.188
4.205117522603133,0.1404919607338903,6.416016410438221,0.141,4.288,6722.547
4.2051429456865375,0.14318526752522873,6.375804317156428,0.141,4.288,6728.906
4.205143272576695,0.14304438199527073,6.376827162240465,0.14,4.288,6735.25
4.205089961258236,0.14236356735059982,6.445982236326179,0.14,4.288,6741.641
4.205203057889426,0.14192483417261906,6.464690118642423,0.141,4.288,6748.0
4.205186268566359,0.14264839810760563,6.468503936011016,0.14,4.288,6754.344
4.204959113677874,0.13935186172578484,6.469899323149246,0.14,4.288,6760.703
4.205089294651048,0.14142424227950354,6.470060403345415,0.14,4.288,6767.063
4.20530547038271,0.14095198194728167,6.470686749848924,0.14,4.288,6773.453
4.205239299934443,0.14197261686250676,6.498353173702651,0.14,4.288,6779.797
4.205187088922847,0.14211615508261968,6.491358206367067,0.14,4.288,6786.156
4.205241207999392,0.1425248431389764,6.515974437233722,0.14,4.288,6792.516
4.205242519566262,0.14251856239123287,6.5331896045638285,0.14,4.288,6798.86
4.205395205345335,0.14069479053610592,6.534236433760373,0.14,4.288,6805.25
4.205221209096879,0.14097229772369196,6.525289634032027,0.14,4.288,6811.61
4.205380553580668,0.13990601615333167,6.5246940868701735,0.14,4.288,6817.953
4.205459344291806,0.14167859342496125,6.534768375145589,0.14,4.288,6824.313
4.205288422549801,0.14295266814845903,6.552332167899847,0.14,4.288,6830.672
4.205417296527865,0.14140250127606308,6.550352838605359,0.14,4.288,6837.047
4.205447367981141,0.14052994479679107,6.539754734326749,0.14,4.288,6843.406
4.205677092962213,0.14037799384062793,6.555253827988642,0.14,4.288,6849.766
4.205556282074376,0.1396844267535818,6.56236032639453,0.14,4.288,6856.125
4.205747032445772,0.14201724774320287,6.578954401216411,0.14,4.288,6862.469
4.2055867636271005,0.1398979053428946,6.574805811735952,0.14,4.288,6868.86
4.205561692528416,0.1402422288821339,6.586010999048107,0.14,4.288,6875.219
4.205663898891816,0.14258597878708967,6.583353334461496,0.14,4.288,6881.563
4.205722785004467,0.1409681445339151,6.5927399809766785,0.14,4.288,6887.922
4.205805428208922,0.14091714675689404,6.611167260863719,0.138,4.288,6894.281
4.205792105923455,0.1388964948765044,6.602733327706258,0.138,4.288,6900.656
4.205877177915234,0.14037089521562535,6.612832766719359,0.138,4.288,6907.016
4.205831343091624,0.14015850679452602,6.6193106953184975,0.138,4.288,6913.375
4.205871443063784,0.14071824353492,6.620491291851495,0.138,4.288,6919.735
4.205992232256122,0.14180189850275574,6.623559264663892,0.138,4.288,6926.078
4.205787666300713,0.1382132831226076,6.637096978567638,0.138,4.288,6932.469
4.2059601307108805,0.1387928604849087,6.647160480213701,0.138,4.288,6938.813
4.20618348210106,0.13880164918469376,6.64265086749495,0.138,4.288,6945.172
4.205995691309172,0.1397296734953347,6.660023162253682,0.138,4.288,6951.531
4.206174697330524,0.1398701092447537,6.655480957677832,0.138,4.288,6957.891
4.206154233582415,0.14078654713283364,6.661636406651043,0.138,4.288,6964.266
4.206156502361642,0.13948623537137975,6.66076452664537,0.138,4.288,6970.625
4.20633211201072,0.1389658690411279,6.670621867452213,0.138,4.288,6976.969
4.206216047325506,0.1383561530021138,6.681956686350893,0.138,4.288,6983.328
4.206297227540311,0.13772914395708735,6.680033414642152,0.138,4.288,6989.688
4.206315302883101,0.13934599281098534,6.675505708889279,0.137,4.288,6996.078
4.206489518485228,0.1397362669277277,6.69077779732137,0.138,4.288,7002.438
4.206420338067353,0.1407492817990049,6.693417092176336,0.138,4.288,7008.813
4.2065394144330535,0.13739010696363327,6.691838257349971,0.137,4.288,7015.172
4.206664543605387,0.13877264250291163,6.705061346633487,0.137,4.288,7021.531
4.205099433348089,0.12876078125057916,6.706900653072393,0.129,4.283,7027.922
4.204984833098346,0.13021101471882035,6.713389714472255,0.129,4.283,7034.297
4.2049676815311905,0.13209688887285512,6.7262925650175465,0.129,4.283,7040.656
4.2049070477020205,0.13139410587020522,6.738948100004449,0.129,4.283,7047.031
4.204843355060875,0.1283231792099127,6.741587886127049,0.129,4.283,7053.391
4.204922694057025,0.12894148587697674,6.7441172854529485,0.129,4.283,7059.781
4.204799404427096,0.13415918751689637,6.742863277254269,0.129,4.283,7066.141
4.205029499706318,0.12695132400327513,6.746773734551587,0.129,4.283,7072.516
4.204870642694712,0.13051361545239776,6.750045968342057,0.129,4.283,7078.875
4.205029739584502,0.13215351325158536,6.752121132532478,0.129,4.283,7085.235
4.204960997081035,0.13038008526854938,6.763494793684791,0.129,4.283,7091.625
4.205146146174486,0.12825835637440486,6.791621905744579,0.129,4.283,7098.0
4.205116794286421,0.1293452634621119,6.789863190694033,0.129,4.283,7104.36
4.205156293514312,0.13030685508141565,6.794296944067391,0.129,4.283,7110.719
4.20509111906775,0.1315048685583297,6.804346994529017,0.129,4.283,7117.078
4.205132847887857,0.12902519571900362,6.817758381858521,0.129,4.283,7123.485
4.205165444648158,0.12876111834296444,6.828347931631233,0.129,4.283,7129.844
4.205137679719198,0.12875313595115487,6.813286604831994,0.129,4.283,7136.203
4.205018188899668,0.13023103906728495,6.835897231802846,0.129,4.283,7142.578
4.205349965632366,0.1284976733389703,6.829008880926896,0.129,4.283,7148.938
4.205289964234094,0.12923189556496392,6.845289239649261,0.127,4.283,7155.328
4.205119396377182,0.1304162843384591,6.856848735547562,0.127,4.283,7161.688
4.205362709475053,0.12519429044760616,6.85489363507899,0.127,4.283,7168.297
4.205305748273138,0.12910812083343953,6.859278393065531,0.127,4.283,7174.719
4.205531156564165,0.12996189590901636,6.861670938063117,0.127,4.283,7181.141
4.20513931797084,0.12928331378052724,6.8635742994099695,0.127,4.283,7187.61
4.205555594428413,0.12617798657416376,6.867567869569439,0.127,4.283,7194.016
4.205231476019797,0.13021184210562822,6.875638831736987,0.127,4.283,7200.391
4.205459671522938,0.12652975655130286,6.8855517454678665,0.127,4.283,7206.766
4.205458011134776,0.1294538101018163,6.890834603176174,0.127,4.283,7213.141
4.2057847430239885,0.13192798717093399,6.900547349390535,0.127,4.283,7219.516
4.205535683759535,0.13114243191219285,6.906014588870392,0.127,4.283,7225.891
4.2054868846294,0.13177369070968978,6.894788301438776,0.127,4.283,7232.266
4.2054313175172116,0.12838875791858315,6.90869767171293,0.127,4.283,7238.625
4.205659866184814,0.12801827499530646,6.907600964249474,0.127,4.283,7244.985
4.205794914083298,0.1276397269580264,6.9258704384859975,0.127,4.283,7251.375
4.205793226678659,0.12821030677484324,6.938926812300574,0.127,4.283,7257.735
4.2057826788595465,0.12803499893613607,6.951890174476783,0.127,4.283,7264.094
4.2058856842091545,0.13218330702561432,6.96849692570073,0.127,4.283,7270.453
4.205764262950715,0.12710468066431158,6.953478966848712,0.127,4.283,7276.813
4.2059105520058715,0.12394765121752864,6.920312345190237,0.127,4.283,7283.203
4.205813014862677,0.12621999597560693,6.8764156660664515,0.127,4.283,7289.563
4.206042417509787,0.1279880676751845,6.7888234553630165,0.126,4.283,7295.922
4.205964423446502,0.12563175606011795,6.593636497689516,0.127,4.283,7302.281
4.206144322564791,0.1271670508215192,6.307643931679961,0.126,4.283,7308.641
4.206315629382525,0.12899221013997425,6.157642786636803,0.126,4.283,7315.031
4.205966098072216,0.13009670655074584,5.998234938096419,0.126,4.283,7321.406
4.206221261811091,0.1289544866097438,5.86167605755546,0.126,4.283,7327.766
4.206192890474668,0.12861495143885895,5.69391088799507,0.126,4.283,7334.125
4.2061512607773155,0.12744112458192772,5.613123038793626,0.126,4.283,7340.485
4.206210508449503,0.12576180317956775,5.492742891745908,0.126,4.283,7346.875
4.20627443395326,0.12632820260171948,5.405588134635706,0.126,4.283,7353.235
4.206293211362354,0.12767263693952682,5.31000187076004,0.126,4.283,7359.594
4.206448431719662,0.12415042449443303,5.226223994326584,0.126,4.283,7365.953
4.206663052561986,0.13025896833369607,5.236631141461854,0.126,4.283,7372.313
4.20501024772395,0.119376550515384,5.158109696574476,0.117,4.278,7378.735
4.205152659202955,0.11849407651832414,5.082950969041734,0.118,4.278,7385.094
4.205258112951528,0.11818121428120733,5.009090804235039,0.117,4.278,7391.469
4.205193945878678,0.11999152232300699,4.9292725871261664,0.118,4.278,7397.828
4.205199610023367,0.11733897935208794,4.887809968059599,0.117,4.278,7404.188
4.205204754383388,0.11976802075043824,4.857701189973229,0.117,4.278,7410.594
4.205183071752932,0.11861379444053935,4.788247358907368,0.117,4.278,7416.953
4.205089093549098,0.11945127051068997,4.704714933801772,0.117,4.278,7423.313
4.20549544337786,0.11651801023444168,4.670527448215456,0.117,4.278,7429.688
4.20535559317159,0.11410056753872644,4.6232263507017874,0.117,4.278,7436.047
4.205354896494069,0.11913091191243062,4.54618432235138,0.117,4.278,7442.453
4.205466518176314,0.11700686489446684,4.5361349888507725,0.117,4.278,7448.813
4.205495381337434,0.1162263798234052,4.442137216727174,0.117,4.278,7455.172
4.205611461337906,0.11501897960123325,4.358542538103524,0.117,4.278,7461.547
4.205782041768524,0.1183516965751103,4.258039661373488,0.117,4.278,7467.906
4.205848264553705,0.11676316104681904,4.236400829175612,0.117,4.278,7474.297
4.2058385273734205,0.11770585367257609,4.2448252505112185,0.115,4.278,7480.672
4.205937607021404,0.11661346737788744,4.208027598313827,0.115,4.278,7487.031
4.206136286919042,0.11566768772619679,4.158254241951204,0.115,4.278,7493.406
4.20585534905215,0.11663402619709219,4.081014818656552,0.115,4.278,7499.766
4.2061196508850625,0.11697331893936182,4.068286036377581,0.115,4.278,7506.156
4.206359963687099,0.11666772910643401,4.0451647195464835,0.115,4.278,7512.531
4.206352606177423,0.1168088919738802,3.963703511423022,0.115,4.278,7518.891
4.20635922931761,0.11756665676554694,3.875629317246211,0.115,4.278,7525.36
4.20634205410023,0.11751513248238614,3.895337008562508,0.114,4.278,7531.688
4.206590747026767,0.11764013413428953,3.8718560240844675,0.114,4.278,7538.11
4.206555847354887,0.11444681815838144,3.992542833649405,0.114,4.278,7544.531
4.206800137563877,0.11167267036063981,4.187398295054816,0.114,4.278,7550.891
4.206677396693533,0.11483597217566813,4.3751283725963885,0.114,4.278,7557.25
4.206850634738589,0.11498920767873443,4.480652148938925,0.114,4.278,7563.625
4.206905852843128,0.11451378358189203,4.565293913885867,0.114,4.278,7570.016
4.206970896312218,0.11334408740680232,4.586913269326748,0.114,4.278,7576.375
4.207135203531852,0.11717945142408884,4.671877288471004,0.114,4.278,7582.75
4.207214030183085,0.1136305104526329,4.742845120492032,0.114,4.278,7589.125
4.207110349713559,0.11410377905635709,4.8046345348735215,0.112,4.278,7595.485
4.207292589143332,0.11334211395911627,4.843236444954183,0.112,4.278,7601.906
4.2073691626836816,0.1123312377656518,4.902869405075494,0.112,4.278,7608.25
4.207437214720669,0.11371548165200646,4.9356971526241535,0.112,4.278,7614.61
4.207424349888014,0.11479453165313358,4.96490518551918,0.112,4.278,7620.985
4.207485296319735,0.11204676014245359,4.974648996962759,0.112,4.278,7627.344
4.207741334901268,0.1140851187177086,5.019397851627704,0.112,4.278,7633.735
4.206124886076416,0.10490292313598111,5.0313590700588575,0.104,4.272,7640.125
4.205927807484583,0.10732157506870163,5.063295070868282,0.104,4.272,7646.5
4.206011135705553,0.10667041545949556,5.0987151401502375,0.104,4.272,7652.86
4.205914589733448,0.10543693524916574,5.102265450655208,0.104,4.272,7659.219
4.205913274444915,0.10630347207785232,5.10679242118899,0.104,4.272,7665.578
4.205903489807952,0.10496277177348458,5.125426352953508,0.104,4.272,7671.969
4.205986835908903,0.10649971084796556,5.135807197202027,0.104,4.272,7678.328
4.205900531720633,0.10667851810342723,5.202765380653275,0.104,4.272,7684.688
4.205879365191575,0.10781684992337037,5.197159136817731,0.104,4.272,7691.047
4.2060247605759855,0.10585412917399811,5.202752168253894,0.104,4.272,7697.406
4.205867752440125,0.10507791484348994,5.219063882125055,0.104,4.272,7703.797
4.205922961218032,0.1040961827326095,5.255205092247824,0.104,4.272,7710.156
4.206006575071737,0.10519915980930489,5.289021235649835,0.104,4.272,7716.516
4.206083104028149,0.10403499605494723,5.336148977606173,0.104,4.272,7722.891
4.206179090525993,0.10529713642415617,5.304079058969052,0.104,4.272,7729.25
4.20605610182849,0.1050601202311286,5.343238244138426,0.104,4.272,7735.641
4.206354056197269,0.10671797960843726,5.3533021305169,0.104,4.272,7742.0
4.206234350843588,0.10516785972198824,5.366238437747327,0.104,4.272,7748.36
4.206174755729748,0.10251841455083988,5.372294821462902,0.104,4.272,7754.719
4.206386793962293,0.1073156896908603,5.399650249468315,0.104,4.272,7761.078
4.206297977409084,0.10512165337538062,5.434755122496539,0.104,4.272,7767.469
4.206387117464648,0.10599266816605525,5.433187437271841,0.104,4.272,7773.828
4.206260726643332,0.10467604985081029,5.469400188995755,0.103,4.272,7780.203
4.206353413645262,0.10217795019951971,5.470463060715153,0.104,4.272,7786.563
4.206334690141871,0.10542838826906759,5.481188935198082,0.103,4.272,7792.922
4.206440614307437,0.10448381967843075,5.512686427511231,0.103,4.272,7799.313
4.206546628100542,0.10517568197448553,5.544712093165307,0.103,4.272,7805.672
4.206481026202831,0.10365665964741864,5.538864341746845,0.103,4.272,7812.031
4.206399010723111,0.10525300104112287,5.522201638334118,0.103,4.272,7818.391
4.206385992014867,0.10401405308186222,5.5164479357403895,0.103,4.272,7824.75
4.206426788218274,0.10197525579646537,5.550470060087065,0.103,4.272,7831.141
4.206455534825358,0.10557472062499056,5.599247706152315,0.103,4.272,7837.5
4.206371858235492,0.10242591154244812,5.635882628185582,0.103,4.272,7843.875
4.206622432089714,0.10424328085684784,5.640729324195105,0.103,4.272,7850.235
4.205306909842621,0.0968023326691348,5.628916997800607,0.095,4.267,7856.594
4.205083450680039,0.09590728817948015,5.618523561427141,0.095,4.267,7862.985
4.205252436709401,0.09654157891450346,5.640416184454683,0.095,4.267,7869.391
4.205247976055206,0.09679994230817116,5.668409005253471,0.095,4.267,7875.766
4.205153364972829,0.09438740617867024,5.685441541136548,0.095,4.267,7882.141
4.205071275815744,0.09600122164871923,5.663163587921766,0.095,4.267,7888.5
4.205170058620737,0.09730342568190448,5.69751274132266,0.095,4.267,7894.906
4.205202231709578,0.09640185223071414,5.716215854587729,0.095,4.267,7901.281
4.20525214139057,0.0973523894458931,5.70967311964126,0.095,4.267,7907.641
4.205095450095996,0.09729248971208992,5.730043836382814,0.095,4.267,7914.016
4.205083418117024,0.09649672628693491,5.758246637604427,0.095,4.267,7920.391
4.20510630669861,0.09756990799192589,5.777977439084654,0.095,4.267,7926.797
4.205010910625848,0.0981920297274276,5.79598392919684,0.095,4.267,7933.156
4.204993994515103,0.09681500449040537,5.78819022542041,0.095,4.267,7939.844
4.205136706310463,0.09735523348636181,5.808011151438917,0.095,4.267,7946.219
4.205103762906318,0.09670466768627252,5.796172760645198,0.095,4.267,7952.594
4.205235135412486,0.09766143712840832,5.808303374730582,0.095,4.267,7958.985
4.205189377678536,0.09596748013376957,5.831708602798077,0.095,4.267,7965.36
4.205128762700765,0.09531001095609697,5.845298186466843,0.095,4.267,7971.735
4.2050669321103245,0.09769648391342572,5.856875441872567,0.095,4.267,7978.11
4.205357568422652,0.09599360487872183,5.878636487531164,0.095,4.267,7984.485
4.205169559403293,0.09521485442392569,5.8907759636979025,0.095,4.267,7990.86
4.2051112447670755,0.09781125610367777,5.9022284504007745,0.095,4.267,7997.266
4.205174886912071,0.09651275484215513,5.937045431771046,0.095,4.267,8003.672
4.205248814499273,0.0963196575077348,5.914192206184673,0.095,4.267,8010.047
4.205251882384365,0.09614446517431303,5.919254255349428,0.095,4.267,8016.422
4.20505073321848,0.09546420143739309,5.928903182722311,0.095,4.267,8022.797
4.205118125196373,0.09531359579049055,5.947615164746867,0.095,4.267,8029.203
4.205190585143219,0.0957588047957016,5.973944415060947,0.095,4.267,8035.594
4.205190269758179,0.09773478605966861,5.976944209710557,0.095,4.267,8042.016
4.204998793628475,0.09723277062621981,5.97830913114531,0.095,4.267,8048.391
4.2050299220667355,0.09591397645850168,5.991750055336732,0.095,4.267,8054.781
4.20523178194164,0.09457164915339711,5.970022019334771,0.095,4.267,8061.156
4.205149525264464,0.09582046587792047,5.978829200449478,0.095,4.267,8067.531
4.205149602860941,0.0952625850329305,6.012906387885299,0.095,4.267,8073.891
4.205160900656481,0.09590617969958064,6.036995658242229,0.095,4.267,8080.266
4.205281017711726,0.09691648137778028,6.018993812873877,0.095,4.267,8086.656
4.205247309169087,0.09549001251731036,6.055849397521793,0.095,4.267,8093.031
4.205356167341854,0.09555501566851683,6.0548358215820075,0.095,4.267,8099.406
4.205299408860925,0.09555467428074267,6.072655702588408,0.095,4.267,8105.781
4.2054881340532715,0.09642935142188817,6.0785066411038855,0.095,4.267,8112.172
4.205418275888842,0.0966137928074895,6.087154420622364,0.095,4.267,8118.563
4.205302172213437,0.09499466947890191,6.096913853761381,0.095,4.267,8125.094
4.205364525634949,0.0952794815762467,6.12556386973962,0.095,4.267,8131.61
4.2054761538272185,0.09468909459020843,6.131927100966588,0.095,4.267,8138.016
4.205289692457724,0.09730134646118703,6.124578699535519,0.095,4.267,8144.5
4.2053045190246445,0.0984172787812037,6.118721987527993,0.095,4.267,8150.922
4.205370040444085,0.09392418551112515,6.147206166209485,0.095,4.267,8157.36
4.205461378103315,0.09523089868928589,6.182703297158868,0.095,4.267,8163.75
4.2055725659818455,0.09658614894419426,6.193630035771153,0.093,4.267,8170.203
4.205580052996908,0.09402978688606886,6.210014613514649,0.093,4.267,8176.922
4.20547653011413,0.09472167422072325,6.177838997540614,0.095,4.267,8184.141
4.205443897024086,0.09635923896969843,6.19327148000553,0.093,4.267,8191.344
4.205521765825238,0.09475281889032834,6.203520913247292,0.093,4.267,8197.922
4.205621979412683,0.093035283511716,6.214480456217171,0.093,4.267,8204.422
4.205583786401721,0.09479811933079642,6.237981302811307,0.093,4.267,8210.813
4.205589510926392,0.09438517045545868,6.240605695038583,0.093,4.267,8217.172
4.205608016489524,0.09655368427198242,6.2646033476606995,0.093,4.267,8223.563
4.205673686117258,0.09479027405650721,6.2690298342749395,0.093,4.267,8229.969
4.205700151129227,0.09561910338257495,6.2778062732990465,0.093,4.267,8236.344
4.205636289703227,0.09425407094395069,6.320103000870884,0.093,4.267,8242.719
4.205746748336738,0.09519334262035999,6.307334471564124,0.093,4.267,8249.11
4.205777451536202,0.09703126397826886,6.334200837966541,0.093,4.267,8255.516
4.2057971575624515,0.09575749124489491,6.334921341944201,0.093,4.267,8262.031
4.205734315165328,0.09562251959726248,6.368748720910503,0.093,4.267,8268.485
4.205847954359633,0.09454436262187299,6.372259768841926,0.093,4.267,8274.938
4.205770179152008,0.09472115705031452,6.357506705024215,0.093,4.267,8281.328
4.205784402718691,0.09484382679353838,6.354278484711588,0.093,4.267,8287.719
4.205800241527439,0.0943934506554872,6.373332272859765,0.093,4.267,8294.156
4.205886070396399,0.09521182063864672,6.373442350428602,0.093,4.267,8300.578
4.206017849721319,0.09428002521315186,6.389156319528218,0.093,4.267,8306.953
4.205922116365531,0.09331193237476752,6.414118712643006,0.093,4.267,8313.313
4.205726186612811,0.09439707546359577,6.40238380003359,0.093,4.267,8319.719
4.205846672775837,0.09317830660534787,6.4145945586664785,0.093,4.267,8326.11
4.205839142865992,0.09553943462340111,6.401143357766413,0.093,4.267,8332.516
4.206206850565233,0.09455015333181488,6.44178444177861,0.093,4.267,8338.985
4.205991838218448,0.09450218430121209,6.412645092894102,0.093,4.267,8345.422
4.206088583816227,0.09482376740749383,6.454433220870559,0.093,4.267,8351.86
4.206181286399757,0.09373136377252973,6.469218438197615,0.092,4.267,8358.281
4.206264000877322,0.09390275866719615,6.466053608786823,0.093,4.267,8364.703
4.206184768806335,0.09589019135716145,6.472508601742727,0.092,4.267,8371.11
4.206197568386202,0.09393353783092064,6.4723491682813705,0.092,4.267,8377.531
4.206260136737262,0.09491602561961966,6.488739626277424,0.092,4.267,8383.953
4.206310144129625,0.09305636239216916,6.491531626481972,0.092,4.267,8390.375
4.206236192610337,0.0941221143112567,6.492799881060747,0.092,4.267,8396.781
4.206356596273309,0.09458184695119569,6.503456649282996,0.092,4.267,8403.203
4.2061800814647095,0.09481586475971945,6.502390157822431,0.092,4.267,8409.625
4.2064043618868014,0.09375571193721989,6.510629235220186,0.092,4.267,8416.031
4.206341982137722,0.09472265612612679,6.5089475576882405,0.092,4.267,8422.469
4.206276953117129,0.09241096130769039,6.5207401650671235,0.092,4.267,8428.875
4.206488569881096,0.09434656873556382,6.532108871757779,0.092,4.267,8435.297
4.206370927601802,0.09455134692086872,6.539636223428686,0.092,4.267,8441.719
4.206293526876286,0.09263892304986078,6.53629535031433,0.092,4.267,8448.141
4.206384582225662,0.09321752034279415,6.541756013255055,0.092,4.267,8454.563
4.206323125668364,0.09147457327309771,6.538630107731431,0.092,4.267,8461.0
4.206409541357103,0.09394685507852334,6.550489402025168,0.092,4.267,8467.422
4.206368035209331,0.09322544803281395,6.556371149273979,0.092,4.267,8473.844
4.206518674266479,0.09182493529181004,6.555701098732127,0.092,4.267,8480.266
4.20663977008384,0.09426284942371431,6.564669304369751,0.092,4.267,8486.703
4.205053519660329,0.08641164293009448,6.574749617030565,0.083,4.261,8493.172
4.204777993294195,0.08320472105301567,6.56900735808929,0.084,4.261,8499.61
4.2047225555933725,0.08333263408929517,6.571917765001521,0.084,4.261,8506.078
4.204843898265462,0.08452170530407196,6.588984526493061,0.084,4.261,8512.469
4.204916589757503,0.08387492622853025,6.589786543692904,0.084,4.261,8518.86
4.205002061841521,0.08440940252014291,6.617150216901933,0.084,4.261,8525.281
4.2048998291378386,0.08515432523136783,6.604799732930255,0.084,4.261,8531.703
4.204885356550598,0.08476177862867595,6.614923187911739,0.084,4.261,8538.078
4.2049828779221885,0.08379332271483782,6.624576480820832,0.084,4.261,8544.453
4.204673043669506,0.0853465130053293,6.632238837190946,0.084,4.261,8550.844
4.2046315739887055,0.08448006855584268,6.635859795319181,0.084,4.261,8557.219
4.204734117455698,0.08533922883886688,6.647222307522096,0.084,4.261,8563.61
4.204809797373796,0.08403551336132317,6.664067146485874,0.084,4.261,8569.985
4.205156552646451,0.08436084379177862,6.667343705330232,0.084,4.261,8576.391
4.2048748447283595,0.08413462134763235,6.668316842106253,0.084,4.261,8582.766
4.205120406089588,0.08197915418591059,6.669038940934122,0.084,4.261,8589.172
4.204832857010502,0.08413206386986885,6.686210378138076,0.084,4.261,8595.547
4.204705854937902,0.08444497993263761,6.679590317362898,0.084,4.261,8601.938
4.204833043261429,0.0847429092929994,6.6833456237498705,0.084,4.261,8608.313
4.205155671755517,0.08333430346748753,6.702040498880512,0.084,4.261,8614.703
4.205054130553221,0.0824758407718626,6.706579323123863,0.084,4.261,8621.094
4.204854711185566,0.0863931977168765,6.711996008593694,0.084,4.261,8627.485
4.204884780607969,0.08536536363799051,6.724502907524771,0.084,4.261,8633.891
4.204952700354459,0.08487368075435447,6.729115501296691,0.084,4.261,8640.266
4.2048218361717655,0.08650570710880033,6.7291534055143645,0.084,4.261,8646.641
4.204873102030185,0.08458795962088847,6.733373741797045,0.084,4.261,8653.016
4.2049605885663555,0.08455286444240946,6.741585632940199,0.084,4.261,8659.391
4.205102612502643,0.0841507473864776,6.75186948133817,0.084,4.261,8665.797
4.204866667834663,0.08321632775100636,6.752687478841393,0.084,4.261,8672.172
4.204699699923207,0.08399080672613246,6.749405483471348,0.083,4.261,8678.547
4.205112344267222,0.08413159884779103,6.765332364836715,0.083,4.261,8684.953
4.2048316708902185,0.08390271510257946,6.7611598430078965,0.084,4.261,8691.344
4.205141177468443,0.08466707638270778,6.781770079903106,0.083,4.261,8697.75
4.205188575944464,0.08270397973467261,6.769707496939938,0.083,4.261,8704.125
4.205003409703641,0.08449532535348932,6.780235275715769,0.083,4.261,8710.516
4.204975015973166,0.08568604034625092,6.777892148923661,0.083,4.261,8716.891
4.205170228458157,0.08286475709630191,6.802501790922958,0.083,4.261,8723.297
4.205079287380349,0.08344962941336599,6.799002908504973,0.083,4.261,8729.688
4.205269578634018,0.0845731741260475,6.800974550493527,0.083,4.261,8736.063
4.2054153244404615,0.08349607763759723,6.805001668729617,0.083,4.261,8742.469
4.205253168354121,0.08237711888811598,6.810753324712416,0.083,4.261,8748.844
4.205049160015352,0.08616369419065768,6.821036988984793,0.083,4.261,8755.219
4.205210662153898,0.08420247016332229,6.829713374077617,0.083,4.261,8761.625
4.205360267909202,0.08405902366207763,6.832370116424417,0.083,4.261,8768.016
4.205261158670239,0.08533347528107947,6.836948750167328,0.083,4.261,8774.406
4.205213072560974,0.08252645232207674,6.838562268826509,0.083,4.261,8780.781
4.2054662551746675,0.08420310890000715,6.844364164178715,0.083,4.261,8787.156
4.20543445066101,0.0807913607116015,6.84715313719943,0.083,4.261,8793.563
4.205378405626046,0.08343931442813353,6.8577234774352425,0.083,4.261,8799.953
4.205336896177647,0.08357613793950125,6.856198304730236,0.083,4.261,8806.344
4.205297452654246,0.0845875421648363,6.866074133367449,0.083,4.261,8812.719
4.20536140565407,0.08370496990522423,6.859330614831935,0.083,4.261,8819.094
4.205583409767338,0.0830286641250075,6.87838664221077,0.083,4.261,8825.5
4.205485271827734,0.08512339293348108,6.878812853933274,0.083,4.261,8831.891
4.20554968611327,0.0802686099641699,6.896730447008743,0.083,4.261,8838.281
4.205427681193066,0.07967183476128244,6.918813356365233,0.083,4.261,8844.688
4.205653753007724,0.08126908838370114,6.9221813456060906,0.083,4.261,8851.078
4.205599558559093,0.08174574550143769,6.926185421686229,0.083,4.261,8857.485
4.205549794666203,0.08519929291788288,6.9195431718327916,0.083,4.261,8863.86
4.205392189368344,0.08659092783390968,6.9200468359120215,0.083,4.261,8870.235
4.2055048710067435,0.08255859132768127,6.902457496056552,0.083,4.261,8876.61
4.205524725178294,0.08413469642810589,6.878449254256013,0.083,4.261,8883.0
4.2056510202153365,0.08627375102643926,6.784254984641755,0.083,4.261,8889.375
4.205597834236552,0.08395027445036456,6.638973526363363,0.083,4.261,8895.781
4.2056512900725,0.0846558596678478,6.377344953019877,0.083,4.261,8902.156
4.205769652100119,0.08214371642920311,6.1271785404440235,0.081,4.261,8908.531
4.2057802831774,0.084611436798695,5.988492471589935,0.083,4.261,8914.906
4.205799701432564,0.08335794105074863,5.865000878378154,0.081,4.261,8921.328
4.205732682424911,0.08293701281142006,5.778962331677522,0.081,4.261,8927.703
4.2058657854758605,0.08218815424440214,5.649225322320368,0.081,4.261,8934.063
4.20589507593499,0.08308287630827497,5.539305410686865,0.081,4.261,8940.469
4.205780310549008,0.08175483642158692,5.372281696940361,0.081,4.261,8946.844
4.205883616256051,0.08160782566266263,5.319312553358936,0.081,4.261,8953.219
4.205895517413092,0.08268552417683482,5.254961953520081,0.081,4.261,8959.594
4.205992000660038,0.08427679802027344,5.1865814200436695,0.081,4.261,8965.985
4.205990656901375,0.07986421380089298,5.103732381162363,0.081,4.261,8972.375
4.205958798067712,0.08365560221366963,5.080081087659866,0.081,4.261,8978.781
4.206249441964829,0.0818724650512746,5.011894085369786,0.081,4.261,8985.156
4.20599413490352,0.08299563076004282,4.873919833136482,0.081,4.261,8991.547
4.20617222377541,0.08413410086230778,4.8355845311696255,0.081,4.261,8998.016
4.206209380538429,0.08203366143473334,4.820624556006002,0.081,4.261,9004.453
4.206216518631731,0.08348195083317679,4.780564913124543,0.081,4.261,9010.906
4.206425694700011,0.08300471765656726,4.615592151987384,0.08,4.261,9017.313
4.206440270187048,0.0839089694950889,4.576806993879905,0.08,4.261,9023.703
4.206479695248511,0.08105414775837803,4.572256734582698,0.08,4.261,9030.094
4.206460504480587,0.08002712400405745,4.511738639821753,0.08,4.261,9036.516
4.2067303397658415,0.0814292246781017,4.4969559874143,0.08,4.261,9042.906
4.205103040509164,0.0731345659284664,4.455184643864237,0.072,4.256,9049.328
4.205204094034282,0.07461678676744511,4.368266295309891,0.072,4.256,9055.735
4.205001334072294,0.07407081893894278,4.358293344382933,0.072,4.256,9062.125
4.205067567616806,0.07175527743644816,4.223337946737921,0.072,4.256,9068.531
4.205135235211899,0.07208382668382794,4.210948523161598,0.072,4.256,9074.953
4.205163230494707,0.07243089686855511,4.162323353723657,0.072,4.256,9081.36
4.205293146521881,0.07172566064684532,4.16304156133208,0.072,4.256,9087.735
4.205106207629678,0.0730539746264189,4.055633938625199,0.072,4.256,9094.125
4.205129740566168,0.07253572113481088,4.055809984870838,0.072,4.256,9100.516
4.205305250117558,0.07435817224041846,3.9729311026093317,0.072,4.256,9106.891
4.205159099384224,0.07309175435096185,3.8888221800302984,0.072,4.256,9113.297
4.205298812277575,0.07356639883234352,3.84168514158883,0.072,4.256,9119.688
4.205336280714056,0.07375326869754513,3.8219551416310398,0.072,4.256,9126.063
4.205337296217231,0.07347728650955551,3.846071244201996,0.072,4.256,9132.453
4.205375059340326,0.07247701614386472,4.013763463369322,0.072,4.256,9138.828
4.205673405505551,0.07365136445651926,4.222630113284627,0.072,4.256,9145.25
4.205585737498126,0.07256080778746063,4.364605291800132,0.072,4.256,9151.641
4.205541088481858,0.07304900218498789,4.465831485083105,0.072,4.256,9158.031
4.205566599305692,0.07162579915538941,4.544440660604162,0.072,4.256,9164.422
4.205359757573891,0.07289965654761159,4.613373066287756,0.07,4.256,9170.813
4.205534961859599,0.07303324301054102,4.7063970974981295,0.072,4.256,9177.219
4.205626716812165,0.07385285112781302,4.765687430341119,0.07,4.256,9183.594
4.205543120408177,0.07387532325920917,4.776853980530925,0.07,4.256,9189.985
4.20553957797098,0.07327935714067571,4.820547727173329,0.07,4.256,9196.375
4.205668135848401,0.07169991861640049,4.894306388605379,0.07,4.256,9202.75
4.20588658087451,0.07361975585318462,4.9342087424861605,0.07,4.256,9209.156
4.2057882605975,0.0722520198013048,4.943335534547549,0.07,4.256,9215.531
4.205933986954452,0.07229936637057802,4.963876558984373,0.07,4.256,9221.953
4.205746257881687,0.0725466946485152,5.005505099884349,0.07,4.256,9228.328
4.205831478709329,0.07290266296030806,5.012867843335058,0.07,4.256,9234.703
4.205914228036157,0.07057034986065021,5.0289935190126975,0.07,4.256,9241.11
4.2059017248784825,0.0724194080336373,5.0646787351102525,0.07,4.256,9247.485
4.205907821479608,0.07054062486164785,5.113916448090127,0.07,4.256,9253.875
4.205922423331362,0.07301356710608656,5.131178232403371,0.07,4.256,9260.25
4.205866323617742,0.07083955949390368,5.152065021703939,0.07,4.256,9266.625
4.206010747168717,0.07122023419315422,5.151535559574159,0.07,4.256,9273.031
4.206053176308688,0.0709405854346263,5.17137336771399,0.07,4.256,9279.422
4.206096012445773,0.0693191532352176,5.177017971369408,0.07,4.256,9285.797
4.206118913106229,0.0713410800455533,5.209953825938879,0.07,4.256,9292.188
4.205989619658181,0.07171325902480068,5.245108190255289,0.07,4.256,9298.594
4.206089928101527,0.07169268966202225,5.282139394190226,0.07,4.256,9304.985
4.20597321847812,0.0718818822194024,5.279427783890694,0.07,4.256,9311.375
4.205999599192894,0.07199976582678914,5.284304879821067,0.07,4.256,9317.75
4.206028353401136,0.07163480384345045,5.3067380407108145,0.07,4.256,9324.141
4.206084244415606,0.07028458805606355,5.324667019032349,0.07,4.256,9330.516
4.2060838667707845,0.06985910559621075,5.3308248146534165,0.069,4.256,9336.922
4.206233864764729,0.07122855636360728,5.358808123421565,0.07,4.256,9343.313
4.206285511353923,0.07152062408480499,5.356002193178235,0.07,4.256,9349.688
4.206351669122239,0.07124223267894031,5.383195807698443,0.07,4.256,9356.078
4.206320885400595,0.07257866917344169,5.386408514838167,0.069,4.256,9362.453
4.206331522348935,0.06973438319136993,5.397706684524092,0.069,4.256,9368.875
4.2063725291616425,0.07049122452887868,5.4136763238331245,0.07,4.256,9375.25
4.206374254076496,0.07204606201290814,5.4304306980208175,0.069,4.256,9381.656
4.206284225169308,0.06994672669788667,5.4571518847979394,0.069,4.256,9388.047
4.206547947277693,0.07046007264297773,5.485750708911074,0.069,4.256,9394.438
4.206453121240409,0.07184013031330994,5.488634627746885,0.069,4.256,9400.86
4.206435297759267,0.07062711056648319,5.482213497741084,0.069,4.256,9407.25
4.206682088951784,0.06989212311983829,5.5228212632139195,0.069,4.256,9413.641
4.2051797443359655,0.06113019995132259,5.540662307236789,0.061,4.25,9420.063
4.204897862570253,0.06271608660282396,5.5524660119916485,0.061,4.25,9426.453
4.205036170809533,0.06070490305599191,5.5513401083447205,0.062,4.25,9432.844
4.20494517337598,0.06353914261786946,5.559028485634748,0.062,4.25,9439.203
4.205037888998222,0.062009570690223864,5.587905961665477,0.062,4.25,9445.594
4.204824139811965,0.06183075640179304,5.620459004678697,0.062,4.25,9451.985
4.204853129638104,0.06245287922424583,5.596122677757944,0.062,4.25,9458.391
4.204792505130327,0.06368666512645958,5.598958460073306,0.062,4.25,9464.781
4.204827537279273,0.06378334691697297,5.64266743151099,0.062,4.25,9471.156
4.204959724855412,0.062136567232639155,5.674175409605188,0.062,4.25,9477.547
4.20473645896416,0.060760499199845275,5.656804365530596,0.062,4.25,9483.953
4.204754287879528,0.06265118616917045,5.671779265176671,0.062,4.25,9490.344
4.204671397298554,0.06263022294185343,5.683506749299493,0.062,4.25,9496.719
4.204652180990794,0.06276167259008221,5.713871300855606,0.062,4.25,9503.094
4.204818802248304,0.062194566434582876,5.716172482574414,0.062,4.25,9509.485
4.204806819136284,0.06144338231180186,5.73135705171083,0.062,4.25,9516.141
4.2048019655500415,0.06496041813850306,5.739616674207673,0.062,4.25,9522.563
4.204731153091501,0.0639160337798126,5.762078716329513,0.062,4.25,9528.985
4.204710860854232,0.061169477513672244,5.769079679156259,0.062,4.25,9535.469
4.204699519875415,0.06276998788750736,5.776020000037808,0.062,4.25,9541.953
4.204764953135289,0.06134505677969768,5.812547808786095,0.062,4.25,9548.375
4.204689357146562,0.06481226504584245,5.797387845766499,0.062,4.25,9554.797
4.204634095673719,0.0619821220252419,5.81379693348353,0.062,4.25,9561.219
4.204611325357125,0.06390730213961882,5.807792463512408,0.062,4.25,9567.61
4.204760923761157,0.06436560351677506,5.835545018119395,0.062,4.25,9574.078
4.204638903797909,0.0615205501001909,5.849107552773159,0.062,4.25,9580.547
4.204823876709476,0.061633096892135183,5.867100685661285,0.062,4.25,9587.0
4.204655441955497,0.06260199334363208,5.881209410875201,0.062,4.25,9593.406
4.204807057101454,0.06271166198311195,5.916730354075783,0.062,4.25,9599.797
4.204679245108791,0.06272592914136298,5.927327219571363,0.062,4.25,9606.188
4.20468155591058,0.0640733829503754,5.91832264521753,0.062,4.25,9612.61
4.204695714019342,0.062244122375374515,5.917393654257848,0.062,4.25,9619.016
4.20462721984513,0.06453437519276847,5.933127902741985,0.062,4.25,9625.406
4.204910078923043,0.0627039768136795,5.925649211440184,0.062,4.25,9631.813
4.2046986580093115,0.06368766472275125,5.959752478925891,0.062,4.25,9638.219
4.204630244790583,0.06335303092818544,5.974221472801761,0.062,4.25,9644.625
4.204665517986785,0.06296890094616168,6.000434822913538,0.062,4.25,9651.031
4.204715860959049,0.06220176858020226,5.9892395609778735,0.062,4.25,9657.422
4.204765601117986,0.06285145080322266,5.985796486858882,0.062,4.25,9663.813
4.204681010744041,0.06208238650685559,6.0187219186978,0.062,4.25,9670.281
4.204842073954892,0.062389479861542925,6.017413686308626,0.062,4.25,9676.735
4.204719221391797,0.06276290728473055,6.01820477780306,0.062,4.25,9683.188
4.204696707990643,0.06429122541386907,6.01371608122276,0.061,4.25,9689.578
4.204753558954222,0.060930252930202794,6.027289213210272,0.062,4.25,9696.0
4.204735007788238,0.06287626722058534,6.048840360185815,0.062,4.25,9702.406
4.204757467649854,0.06280784576498889,6.0788649252017075,0.062,4.25,9708.813
4.204826345269929,0.06181454351456393,6.093434354670206,0.062,4.25,9715.188
4.2047614399870135,0.06270891472784558,6.091902743893144,0.061,4.25,9721.578
4.204693668574406,0.06347230663993103,6.119527614587395,0.062,4.25,9727.969
4.204727758437425,0.06129411292585393,6.102302801703324,0.062,4.25,9734.36
4.20483352874222,0.06278359672431566,6.1203145125451055,0.061,4.25,9740.75
4.204856002303695,0.06328446484803292,6.141012606830386,0.062,4.25,9747.922
4.204965194866351,0.06287509712008651,6.166366509867343,0.061,4.25,9754.36
4.204864766642949,0.06084505962122099,6.157708274029904,0.062,4.25,9760.797
4.204870837941242,0.06213060642427037,6.146472781434023,0.062,4.25,9767.172
4.204750869071022,0.06350340132178064,6.144079168519971,0.061,4.25,9773.547
4.204697114896911,0.06142505226950056,6.175590728781394,0.061,4.25,9779.953
4.2049055604118655,0.061831900784257154,6.209039167095404,0.061,4.25,9786.344
4.205035124388915,0.06102006940037857,6.1913550416818985,0.061,4.25,9792.735
4.204852319536503,0.061348436302535114,6.186119885246976,0.061,4.25,9799.125
4.204853007871805,0.06230041363605051,6.2081405005449515,0.061,4.25,9805.547
4.204715129920654,0.06198251689818403,6.210720102043201,0.061,4.25,9811.938
4.205035457988773,0.062141645860828126,6.2200447526689535,0.061,4.25,9818.344
4.205073536596896,0.06115469236455032,6.232459957362243,0.061,4.25,9824.735
4.204860361193829,0.061578812245544255,6.262880197200143,0.061,4.25,9831.141
4.204955837947449,0.06328919791925139,6.274245060798547,0.061,4.25,9837.563
4.204955184701258,0.06362873904762835,6.2707131706618435,0.061,4.25,9843.953
4.204873067673838,0.060552111035942414,6.276967138544777,0.061,4.25,9850.344
4.204955147622411,0.06296451923079836,6.293806885376284,0.061,4.25,9856.766
4.205054631059824,0.06170504308788484,6.307729358659888,0.061,4.25,9863.141
4.204909326097866,0.06248385053798551,6.306347236513139,0.061,4.25,9869.531
4.2049945892798295,0.06161099714515258,6.316059602383928,0.061,4.25,9875.938
4.205117539501418,0.06023414906202534,6.3135150667321245,0.061,4.25,9882.328
4.204934032193304,0.06157322411871927,6.309904968186262,0.061,4.25,9888.719
4.204887292750098,0.06286630236461602,6.320408147210318,0.061,4.25,9895.11
4.205018264997735,0.061998732695168264,6.356411694706996,0.061,4.25,9901.485
4.205219473241953,0.06216532204428331,6.363018008905201,0.061,4.25,9907.891
4.205139591992703,0.06257656995736907,6.364735939800882,0.061,4.25,9914.266
4.205287021317607,0.06208701521811919,6.366753102761344,0.061,4.25,9920.735
4.205189155180639,0.06244011707628906,6.396441084444843,0.061,4.25,9927.156
4.205081105203547,0.06168706581031978,6.42502338273059,0.061,4.25,9933.61
4.205196050025596,0.06368102865089426,6.4442076788369365,0.061,4.25,9940.047
4.205202759568254,0.06215950059551184,6.443450651592646,0.061,4.25,9946.453
4.205312052012892,0.06133160869061369,6.4463007588775785,0.061,4.25,9952.844
4.205193969538619,0.06012166750244205,6.440233312510349,0.061,4.25,9959.235
4.205127142134379,0.06252279210756609,6.453118188988811,0.061,4.25,9965.656
4.2051635264000575,0.062168618003580436,6.439353546590353,0.061,4.25,9972.047
4.205110560671143,0.0612802453147183,6.4547543996765135,0.061,4.25,9978.453
4.205188275903181,0.06136198572798416,6.475727467586767,0.061,4.25,9984.844
4.2051361981497655,0.061448075710725844,6.475560650773656,0.061,4.25,9991.235
4.205100532426628,0.06178998971794601,6.481335329751227,0.061,4.25,9997.656
4.205158847233716,0.061877868753055947,6.487866685648411,0.061,4.25,10004.047
4.205248267286265,0.06290529748659046,6.489036677436023,0.061,4.25,10010.453
4.205309867452176,0.060989936560096915,6.496480126871668,0.061,4.25,10016.86
4.2052852462580415,0.06065506350691898,6.508682706814029,0.061,4.25,10023.25
4.2051863908525045,0.06019203900246552,6.505988438169611,0.061,4.25,10029.688
4.205201587023229,0.06245710891380107,6.515903763828354,0.061,4.25,10036.063
4.205199297366208,0.062075114335569385,6.5250459478117255,0.061,4.25,10042.453
4.205320738164962,0.0598885982470564,6.527973520395127,0.061,4.25,10048.828
4.205395562623284,0.06129336643722534,6.534673041975351,0.061,4.25,10055.203
4.205211425546972,0.06130665072138978,6.542530533116102,0.061,4.25,10061.61
4.2050838449184695,0.060563646333459974,6.543755848992392,0.061,4.25,10067.985
4.205318394817849,0.06184644426320385,6.557077081811508,0.061,4.25,10074.36
4.205405323385018,0.06081449933950242,6.569590708879294,0.061,4.25,10080.735
4.205321271739036,0.06142493203292457,6.566068104155098,0.061,4.25,10087.125
4.205634435044188,0.06093566435875446,6.580654017314825,0.061,4.25,10093.5
4.20530971516942,0.06118786182731225,6.57957952965097,0.061,4.25,10100.203
4.205385717978543,0.06176785121164438,6.579798142081135,0.061,4.25,10106.594
4.20541683151897,0.06118422352156356,6.584483985054323,0.061,4.25,10113.0
4.205507673771876,0.06088637390611697,6.591536525975481,0.061,4.25,10119.422
4.205403418769967,0.05843640505634524,6.602682861309257,0.061,4.25,10125.781
4.205441453743758,0.060960483649511135,6.613874035126322,0.061,4.25,10132.188
4.205501456187709,0.061379391621763035,6.6080678623087294,0.061,4.25,10138.578
4.205484762583707,0.06214950131323046,6.617754099229167,0.06,4.25,10144.969
4.20547615362939,0.059654709108576114,6.630126320353841,0.06,4.25,10151.375
4.205468255109612,0.05962087429458559,6.6431084468972665,0.06,4.25,10157.797
4.205571454462327,0.061383352052687905,6.662574748609717,0.06,4.25,10164.188
4.2055291859499055,0.0604411976384877,6.665575696541471,0.06,4.25,10170.578
4.205582063514265,0.06022237430803257,6.662064561439487,0.06,4.25,10176.985
4.205530095615403,0.06098368993836872,6.665119440014845,0.06,4.25,10183.375
4.205463897492954,0.06060783117275845,6.663294163994216,0.06,4.25,10189.813
4.205711119892012,0.0617825661743287,6.671370008928633,0.06,4.25,10196.203
4.205616870726361,0.06133421506611934,6.675748623004691,0.06,4.25,10202.61
4.2056913713075454,0.06046962232351863,6.68271548448831,0.06,4.25,10209.0
4.205667975907378,0.06045849097540447,6.695077239692097,0.06,4.25,10215.391
4.20565749544883,0.06130489495881142,6.698040186400724,0.06,4.25,10221.828
4.205655457596424,0.06077230271006268,6.708727743572226,0.06,4.25,10228.219
4.205708833170062,0.05977619881435615,6.71768932734073,0.06,4.25,10234.625
4.205670753355028,0.06167684840998996,6.724183814784636,0.06,4.25,10241.016
4.205715161738091,0.05933455553386102,6.732865927194209,0.06,4.25,10247.422
4.205797648851501,0.06162900513124447,6.734560986197652,0.06,4.25,10253.828
4.205777693871051,0.061952872267047786,6.72958540472411,0.06,4.25,10260.235
4.205736831551663,0.06067552404471033,6.746961015661984,0.06,4.25,10266.625
4.205738662061646,0.06116741253317735,6.746629976087707,0.06,4.25,10273.031
4.205709223659675,0.06086712897068969,6.760718934528972,0.06,4.25,10279.422
4.205859813279275,0.060210291458952604,6.749271400029126,0.06,4.25,10285.844
4.20573101202782,0.06018628205040435,6.760445295889451,0.06,4.25,10292.235
4.205831473820911,0.06081023892211848,6.7764946613198465,0.06,4.25,10298.625
4.205909278415663,0.05857425228547415,6.765137270285995,0.06,4.25,10305.047
4.205895267549587,0.059401327351094865,6.781035081594311,0.06,4.25,10311.469
4.206073442146836,0.06071438988920878,6.781842415295952,0.06,4.25,10317.828
4.205828108783408,0.06044689842314728,6.78595913106503,0.06,4.25,10324.219
4.2058089854713705,0.06092900077790527,6.786485517860459,0.06,4.25,10330.594
4.205903824213768,0.06024708773617465,6.7921327552425526,0.06,4.25,10336.985
4.205833898887,0.060989280514391724,6.797850302650798,0.06,4.25,10343.36
4.205865358311331,0.05977967674258073,6.803590368813689,0.06,4.25,10349.766
4.206062191938743,0.05802392337056146,6.803660525759335,0.06,4.25,10356.156
4.206079138019656,0.060400059386505375,6.822167848220992,0.06,4.25,10362.563
4.205975433343628,0.058865347027307925,6.813338720263837,0.06,4.25,10368.953
4.2059806591281745,0.059764950649213715,6.823908458587148,0.06,4.25,10375.438
4.206038604721819,0.060501228187456534,6.827802490585657,0.06,4.25,10381.875
4.20582562617178,0.05935547856094633,6.8307322705222795,0.06,4.25,10388.297
4.2060735233573805,0.059761435159509414,6.828729194710763,0.06,4.25,10394.75
4.205989703226457,0.05907296828388265,6.849391299362182,0.058,4.25,10401.141
4.2060362996168115,0.059808265657008836,6.837712953402178,0.06,4.25,10407.563
4.2061120607076665,0.058234387035036236,6.842036726253688,0.058,4.25,10413.953
4.206009580296362,0.05833328367024618,6.848753521263789,0.058,4.25,10420.344
4.206127438241078,0.060528208684060024,6.867080198482339,0.06,4.25,10426.719
4.206229722411781,0.05966927200657441,6.885170873659898,0.06,4.25,10433.078
4.206221879572781,0.0602830733895657,6.902755996668949,0.058,4.25,10439.469
4.206164585930559,0.060242606876021065,6.91269320084924,0.06,4.25,10445.844
4.206004781300809,0.05957264373950837,6.918002883642382,0.058,4.25,10452.235
4.206220527184004,0.05989122715016859,6.927698145217338,0.058,4.25,10458.719
4.206201558425711,0.05786015781781274,6.904622604754024,0.058,4.25,10465.094
4.206201602486934,0.05917334500328958,6.858635474039732,0.058,4.25,10471.485
4.206270432821253,0.0599031720234801,6.74207732441861,0.058,4.25,10477.86
4.206223425873623,0.060697783673374826,6.535812586944722,0.058,4.25,10484.235
4.206426607322768,0.060814826331549984,6.2709279411045715,0.058,4.25,10490.625
4.206346683152586,0.05940142725777901,6.076328821625624,0.058,4.25,10497.016
4.206368399342423,0.05942579950618247,5.948190786832523,0.058,4.25,10503.391
4.206297457751063,0.05795626473691273,5.832614707058279,0.058,4.25,10509.797
4.206203438950155,0.059251364215196105,5.666890672221157,0.058,4.25,10516.172
4.2063376450685865,0.06030161517819089,5.600788718742509,0.058,4.25,10522.547
4.206268141383317,0.06091283699032278,5.485186037062232,0.058,4.25,10528.953
4.206475233314271,0.05848316364788789,5.439900205808895,0.058,4.25,10535.328
4.2062709794452475,0.05866253073868804,5.305211420155215,0.058,4.25,10541.735
4.206469058144013,0.060166823722779476,5.278839786792106,0.058,4.25,10548.125
4.206547113427349,0.059123720331889056,5.127452753295042,0.058,4.25,10554.516
4.206630016247197,0.059839738529062964,5.101297932243955,0.058,4.25,10560.906
4.2050646058004295,0.050737764444417,5.044778542156464,0.05,4.245,10567.313
4.205058653066221,0.04996157655061505,4.9659055589490695,0.05,4.245,10573.703
4.20514234070419,0.05042136065479126,4.850639199078808,0.05,4.245,10580.078
4.2050182403014515,0.0501376573595402,4.874856185424312,0.05,4.245,10586.453
4.204862918204493,0.04913842513409305,4.766633543942405,0.05,4.245,10592.922
4.2047913934211225,0.05022750781943096,4.685457987514621,0.05,4.245,10599.438
4.205110652699993,0.05297843111778217,4.639055074738784,0.05,4.245,10605.875
4.204906111428418,0.053221540422958666,4.635526431521764,0.05,4.245,10612.25
4.20490366001512,0.051904127554151816,4.5728445439936225,0.05,4.245,10618.656
4.2050565223383884,0.05016845962437544,4.511475917709472,0.05,4.245,10625.141
4.2050569298653215,0.05015828229334392,4.447030135217742,0.05,4.245,10631.594
4.204891003580878,0.051803791378378664,4.421579803545821,0.05,4.245,10638.031
4.205237631376689,0.05064686963529911,4.32067194475478,0.05,4.245,10644.438
4.2051309215331205,0.04883272354698239,4.258381671904121,0.05,4.245,10650.844
4.205205414917415,0.04855471271571217,4.238215776070726,0.05,4.245,10657.235
4.20511325272785,0.051327220411137575,4.168764775654237,0.05,4.245,10663.656
4.205055052808742,0.050780901793368985,4.117341507745766,0.05,4.245,10670.063
4.205246331307369,0.051034218734257376,4.107485146861804,0.05,4.245,10676.453
4.205235366185855,0.05120591640034872,4.024820905027275,0.05,4.245,10682.844
4.205020933896241,0.052417009097038954,3.9915363183159274,0.049,4.245,10689.25
4.205072642922612,0.04907205948511847,3.978551782943749,0.049,4.245,10695.672
4.2052718326664476,0.04831837898535192,3.9434362078948455,0.049,4.245,10702.063
4.205323452832564,0.04993246449015869,3.9102294020277486,0.049,4.245,10708.469
4.205379175063545,0.05128629010103675,3.880812102015869,0.049,4.245,10714.875
4.205431576035717,0.04848714207971554,3.8448705579225866,0.049,4.245,10721.344
4.2054278359744375,0.05020038697623252,3.962430353580794,0.049,4.245,10727.719
4.205370296208751,0.04973451999036979,4.153328074095038,0.049,4.245,10734.094
4.205373699885444,0.04963180201393606,4.317062604768993,0.049,4.245,10740.469
4.20550964001942,0.050145694038765475,4.4263751986480075,0.049,4.245,10746.86
4.20550411581327,0.050241986562724314,4.486593599072371,0.049,4.245,10753.235
4.205513221806176,0.045875369154714456,4.576499977704569,0.049,4.245,10759.563
4.205510403365163,0.051378984200426546,4.630943318107885,0.049,4.245,10765.922
4.205416028210923,0.05050568733880771,4.702129730175284,0.049,4.245,10772.297
4.20555900392882,0.05116873491454447,4.757610201683742,0.049,4.245,10778.594
4.205459408903619,0.0507245556418473,4.812721422905582,0.049,4.245,10784.922
4.205434844057595,0.04768337265221806,4.878264571600968,0.049,4.245,10791.266
4.205525974088745,0.0517466479415187,4.906291841917067,0.049,4.245,10797.641
4.205548968662248,0.05036009867468749,4.9300682833710185,0.049,4.245,10804.016
